-0.0026562500000000015 0.509375 0.32941406250000005
0.01037499962747097 0.38953125000000005 0.34751562500000005
-0.0573249999254942 0.25615625000000003 0.3311375000000001
-0.03843812494039536 0.2268 0.24108187500000006
0.04385887653779984 0.22753374999999998 0.13388112500000005
-0.008272276749992372 0.184761375 0.11218302499999999
-0.07771156990987778 0.06265284999999998 0.17216829499999997
-0.03795050592790222 0.020044155000000008 0.12210963600000002
0.08409272025767822 0.14728532400000005 -0.019890416199999983
-0.004210198793857423 0.060406384199999996 0.021197042040000058
0.08569434096491407 0.06121573236 0.07750450863200009
-0.09746015222806875 0.033738210888 0.05536298190560007
0.14703187821754501 0.0535530687104 0.02241538552448008
-0.04682761944573176 0.06627995496832007 0.00269793341958402
0.06527227646318236 0.012789588974655985 0.024423971735667238
-0.10911030382945412 0.015309796179724833 0.054304802388533746
-0.08064761210309881 0.035294711943779866 0.034850091910827
-0.07506497064294354 0.10753264455502387 0.05131757352866162
0.02197927348564517 0.005557365644019097 -0.07808656617707066
0.007036543788516134 0.02983651751521521 0.01253074705834345
0.1122698600308129 0.07152546401217208 -0.029037902353325262
0.035128388024650334 0.09589219852602182 -0.1251834707245182
0.03083708690983639 0.07163563382081739 -0.042724877737756684
-0.005799081962247009 0.03269917974036973 -0.06621115219020535
-0.013623640569797608 0.02303434379229574 -0.04125017175216428
-0.053477037455838095 0.004364975033836593 -0.0302657624017314
-0.03496912996467048 -0.0008048949729307919 0.10977176507861486
-0.06781905397173639 -0.07212829097834472 -0.06257321293710816
-0.07730211817738912 -0.12059325778267582 0.12611330465031345
-0.0848885695419113 -0.13045898122614064 -0.06160935627974928
-0.10541085563352906 -0.1621796849809125 -0.03639686002379938
-0.0784693214277522 -0.09185312298472992 -0.1435706130190395
-0.035822320221272796 -0.00473249838778389 -0.12735649041523156
-0.027485981177018226 0.07668275128977287 -0.11047894233218525
0.015120590058385425 0.10743995103181836 -0.09424252886574824
-0.02305977795329167 0.10313946082545478 0.0035122269074013834
-0.0454009354417044 0.1469646936603639 0.04343478152592112
-0.06327388527429245 0.012103052612006948 0.04490407522073686
0.09508401380033382 0.010463692089605514 0.0199076351765895
0.040910969980963774 -0.09826971901203141 0.08467610814127158
-0.051255593054764514 -0.05088140020962517 0.29820963651301724
-0.11717636136474058 0.02570108214858402 0.15848958421041381
0.019149535908207532 0.06392028840258301 -0.007583332631668882
0.09578837872656604 -0.07972314427793359 0.21307395889466496
0.2766307029812528 -0.09034101542234685 0.07280291711573195
-0.06580481261499774 -0.17188218733787752 0.016054833692585646
-0.1241282250919982 -0.05781824987030204 0.026515741954068472
-0.15750570507359857 0.02249540010375839 -0.018631156436745178
-0.08772331405887887 -0.07848805491699329 -0.0039674251493960755
0.0567744737528969 -0.05536856893359454 -0.1062989401195168
0.10557583198254977 0.03812701985312439 -0.16003915209561348
0.17430441558603982 0.05823599088249953 -0.06357819667649078
0.1867091604490641 0.07549504270599972 0.05030931765880742
-0.07016392760121318 0.018208534164799728 0.22110682912704593
0.029806357919029455 0.04776995233183978 0.056963588301636836
0.027357319068178843 -0.02442723050762252 -0.032293303486952474
0.07266710525454308 -0.019151159406098017 0.07338410721043809
-0.06491319079636554 0.010069697475121653 -0.04480833923164951
-0.008571177637092434 -0.02319424201990261 -0.020612296385319695
-0.05451319210967395 -0.048242893615922045 -0.0340679621082558
0.013030071312260832 -0.031172439892737658 -0.040144994686604596
0.07683030704980866 -0.0026723269141900596 -0.060240995749283766
0.07279237212996306 -0.018544111531352048 -0.03139592159942706
0.07034327121385434 -0.010929039225081705 -0.023944862279541623
0.21877461697108347 0.018209893619934636 0.07420348517636666
0.1312696935768668 -0.01004146010405238 0.021472163141093348
0.11673450486149345 0.022435581916758096 0.10624023051287468
-0.031221771110805235 0.026151590533406432 -0.00407031558970028
0.10861634503228476 0.011546272426725235 0.019399997528239843
0.07048681410489888 -0.08607548205861981 0.21552004570630778
0.13685820128391912 -0.0032353856468958497 -0.17328713611866964
-0.02879468897286469 0.021630441482483387 -0.11323908389493575
-0.15350450117829176 -0.015508146814013246 -0.24449751711594858
-0.1450692259426334 -0.04053151745121064 -0.2745042636927588
-0.29964913075410676 -0.11719083896096849 0.0753184640457929
-0.41550055460328544 -0.09804954616877481 0.08916102123663439
-0.3726348186826284 -0.11672088693501992 0.22093823967302328
-0.17467035494610272 -0.11095483454801591 0.3486255440547028
-0.11942378395688219 -0.06493576648027066 0.14843168524376216
-0.0658515271655058 -0.0789017143423586 0.08827659819500977
-0.010493721732404648 -0.04241824647388692 0.09366815355600788
0.06308940953500525 -0.022606472179109494 -0.09381547715519378
0.15242464070707523 -0.07081955274328755 0.11205699327584495
0.10358033756566021 0.00584435780536996 0.004489344620675961
0.10903614505252818 -0.005090138755704077 0.016872678012824993
-0.12253670895797747 -0.046259634846421205 0.1502169400939759
0.137126882833618 -0.045210809035279076 -0.021623322924819277
0.1280608812668944 -0.11585614722822324 0.3471544666601445
0.19346433001351554 0.04012758221742141 0.1429579483281156
0.004380839010812432 -0.040554184226062884 0.23780385866249243
0.07264529639491447 -0.1300995973808503 -0.033194413070005924
-0.12782125114940399 -0.24704842790468023 0.2863350945439953
-0.14053826284045215 -0.11209186732374421 0.12828682563519633
-0.12297748527236171 -0.0720953569380664 0.18973883550815707
0.003571136782110629 -0.049473172471382054 -0.09625580659347444
0.0766850344256885 -0.021219162977105632 -0.43911402027477964
-0.005058222459449202 -0.07088158038168452 -0.2501193412198237
0.03579717203244065 -0.028189639305347625 -0.386814222975859
-0.09362788737404748 -0.06786421144427812 -0.21374825338068726
-0.1967772860573801 -0.0730413691554225 -0.18584235270454985
-0.09882810268776199 -0.04866747032433799 0.10132611783636003
-0.07398435715020962 0.010675386819600646 -0.22987660573091206
-0.03379686072016769 -0.04185030362339054 0.06453621541527044
-0.00008436357613417211 -0.0018396059777834595 -0.018292902667783606
0.006182509139092629 0.006731428296844283 0.10645942786577312
-0.019272742688725863 0.005385142637475415 0.03048004229261847
0.1154411808490193 0.001573739109980321 0.1314153315178106
0.02711858160014438 0.0020402412879842458 0.2023978425305326
0.05333547835918656 -0.006570943890541581 0.09004327402442613
0.09735588268734927 -0.03963174319150431 0.23687836921954086
0.057181581149879424 0.0003258435258675918 0.10278394537563273
0.06683901491990352 0.007682561741623017 0.05605528130050619
0.02534621193592282 0.0022398113142273746 0.11398485004040504
0.04058946954873824 0.07015121213045294 -0.11271836996767592
-0.007372174361009398 0.033074094704362345 -0.10970589829042487
0.053477260511192504 0.010053025763489876 -0.03854601631605581
0.16465680840895403 0.05062054561079188 -0.1281024380528446
0.14774107172716322 0.038152686488633514 -0.05990377775855982
0.0045209823817305705 0.014506524190906811 -0.01432931989056363
0.08681991090538446 -0.0024572806472745734 0.05416154408754903
0.14094030372430758 0.005456050482180341 0.0019229852700392014
0.09283036797944606 -0.0011039096142557159 0.06833526321603134
0.026998669383556856 0.02685124730859545 0.18084008557282494
-0.07097918949315452 0.03671537284687637 0.20756269345825995
0.035013523405476386 0.08327854827750109 0.007456404766607916
0.0014483187243811077 0.10607596362200089 -0.0870036738704294
-0.0156382198342306 0.13329824705574278 -0.17741539141262774
-0.055479326053649 0.051169871486452134 -0.028260485813818015
-0.0877428358429192 0.011248397189161707 0.04809478403266132
0.021993231139400122 0.013686217751329388 -0.014258500090155168
0.00040708509778461174 0.00977709920106351 -0.022735020439555775
-0.045377456921772315 -0.014834570639149225 -0.1260004686679288
0.005885534462582151 -0.02749265651131938 -0.15744099993434313
-0.03865094742993428 -0.05207225020905548 -0.23767154994747453
0.003063617056052577 -0.033064050167244396 -0.24951223995797955
-0.022549106355157944 -0.001451240133795495 -0.01210979196638362
-0.029367410084126355 -0.03202036710703643 0.18132779142689315
-0.023103303067301087 -0.019366293685629143 0.30170285814151454
0.00026735754615912766 -0.043618034948503304 0.34722166151321165
-0.050957994923537184 -0.014581927958802643 0.03754295421056941
-0.09428201497836528 -0.08705615544611317 -0.09809063663154449
-0.00784748698269222 -0.07042617435689053 -0.0007380866215197512
-0.12034048958615379 0.09600279859355865 -0.37676239198093164
-0.02010051666892304 0.012739738874846918 -0.10258178858474531
-0.02506478833513842 0.015660541099877523 -0.1383154308677963
-0.0852862175890397 -0.05387781712009798 0.08583203030576292
-0.09440083715030284 -0.05364914061700732 0.22960312424461038
0.030729330279757716 0.03794007442732311 -0.028036202920595832
0.10739596422380618 0.04168018454185851 0.05218041266352336
0.09021364637904494 0.042328522633486854 0.05111933013081871
0.12920216710323595 -0.001293431893210517 0.15886416642093915
0.10765860868258878 -0.016269120514568414 0.03216945813675132
0.11542376194607104 -0.004421546411654709 -0.12582693349059904
-0.15531724044314318 -0.11838098712932377 0.06574470320752068
-0.05394129235451456 -0.21150166470345905 0.20962701256601646
-0.09901239696268269 -0.17076383176276724 0.20129536005281312
-0.2167099294910751 -0.09754856541021381 0.07470816304225059
0.044600806407139926 0.0016486476718289567 -0.1648427968824837
0.056774395125711946 0.08374079313746319 -0.0767961601897027
-0.2557523588994305 0.16347700950997057 -0.02823380315176216
0.18719498788045566 0.036640982607976436 -0.24641516752140968
0.3239747403043646 0.03946903608638114 -0.13424150901712772
0.04707041724349163 0.05970022886910492 -0.04137753452998638
0.10523445879479332 0.23135393309528396 -0.08700832530770497
-0.04549993296416535 0.07531752147622717 0.09719021475383594
-0.10085307137133229 0.13720714218098173 -0.0980290781969313
-0.24630745709706584 0.16484383874478536 0.381342362442455
0.022094659322347332 0.16742194599582833 -0.13086361004603608
-0.014355522542122134 0.2651875567966627 -0.13672213803682887
-0.1345312930336977 0.21058754543733027 -0.16914333542946314
0.08065621557304184 0.08956378634986417 -0.39859591834357055
-0.14172502754156652 0.04430727907989129 -0.5528611096748565
0.029588727966746803 0.205367698263913 -0.6766638877398852
-0.03453214262660256 0.17093478361113046 -0.4405498601919082
0.10440553589871795 0.19416974957262023 -0.13720551315352658
-0.04889744628102566 0.18775762697438036 -0.11406128552282124
0.11010079297517947 0.24708110157950436 -0.215467778418257
0.3232368843801436 0.15938363126360344 0.0557507772653944
0.003120760484347118 0.017741232327166956 0.2805381218123155
-0.14672214459275457 -0.03815071645455059 0.19161799744985242
-0.04550271567420365 -0.019583073163640385 -0.009205602040118055
-0.04773029753936292 -0.05277588121462817 -0.08431760663209442
0.13134701196850967 0.013638717712013304 0.021999039694324485
0.08984323457480775 -0.0011984008303893567 0.07502113059731752
0.0742183376598462 -0.00759934566431153 -0.030608119364003872
0.11953092012787697 0.031029850784835 -0.07175212049120311
0.10109349206276606 -0.016191696688416135 0.04533267860703749
0.052749787689748376 0.05149981533298287 -0.07349948211437002
0.0351685801517987 0.008387304582670452 0.11112228930850399
-0.031240135878561042 -0.09797765633386368 0.15452283144680318
0.041414141297151166 -0.04010092275080679 0.12361826515744251
-0.10280618696227907 -0.004736940516929633 0.170378987125954
-0.10294807456982327 -0.05964892741354377 0.19880318970076316
-0.11829595965585862 -0.083656641930835 0.17037067676061057
0.08895698227531311 -0.11887843854466806 0.06832779140848844
0.0633530858202505 -0.1068215008357345 0.12849035812679077
-0.004395656343799606 -0.08155095066858764 0.18443286381771684
0.008983474924960315 -0.12188138553487016 0.16239013642160516
0.23609302993996828 -0.10727073342789617 0.08342768645356835
0.09903067395197462 -0.2096447117423169 0.025726524162854703
-0.033666085838420304 -0.2411532693938535 0.20925309433028372
-0.04021411867073625 -0.1933132405150828 0.1373243027805111
-0.309515044936589 -0.24800996741206627 0.0297813172244088
-0.14526828594927121 -0.2835642239296531 0.16562197646324295
0.11816037124058303 -0.22763262914372245 -0.0022679961456898434
-0.046877953007533585 -0.331715478314978 0.1114668053997323
0.37734141143583105 -0.2532630076519824 0.07823594431978587
-1.035626894693193 -0.559641656121586 5.993838755455829
-0.4288921407545545 -0.02779144989726877 -0.2818821206353368
0.3393081623963564 0.100032465082185 -1.7747244465082697
0.19996215491708516 -0.01763027793425201 -0.7412638845228998
0.14239159893366815 -0.012541722347401613 -0.6324642803020357
0.11078827914693452 -0.011595877877921296 -0.4266745492416286
0.06948999831754762 -0.010448577302337038 -0.37141776439330276
0.06067012365403811 -0.004061986841869633 -0.2803373365146422
0.044629847433114364 -0.004030839473495702 -0.23012924421171377
0.04117262943660761 -0.00830279657879656 -0.18410339536937093
0.036453728549286094 -0.008985987263037246 -0.14845459129549665
0.02681923283942888 -0.005626289810429792 -0.12071679803639723
0.020674136271543103 -0.005672906848343838 -0.09501093842911779
0.016929934017234485 -0.0018039504786750704 -0.07405562574329427
0.01041894721378759 -0.003005660382940055 -0.06158825059463546
0.008725782771030074 -0.0012326533063520481 -0.04653622547570846
0.00854312621682406 -0.0013767476450816385 -0.03605710538056672
0.0068345009734592475 -0.0011013981160653136 -0.03236130930445347
0.007030100778767399 -0.0004904934928522536 -0.026279672443562774
0.0036709556230139218 -0.0019548947942818057 -0.022586237954850263
0.00488988949841114 -0.0003920408354254473 -0.01611586536388021
0.04167407467141198 -0.005801739653577741 0.10182258613963335
-0.030332615262870417 0.0031711082771378046 -0.09666693108829327
0.02612453278970367 -0.004494363378289755 0.049228955129365426
-0.008397248768237067 0.0018732592973682016 -0.03444500858022348