0.17209631267412778 0.12086031105816131 -0.005150210945376155
-0.17247919986069776 -0.09706175115347093 0.2825985812436991
0.05537601511144178 0.0703974740772233 0.07725073999495924
-0.09280856291084658 -0.12141639573822138 -0.021793158004032587
-0.08791872532867726 -0.14322686659057704 0.05326859859677391
0.02654001973705819 -0.20090961827246168 0.1207398788774191
0.04076326578964655 -0.12049334345982732 0.3469825281019353
0.13612623763171725 -0.07178527592600392 0.024461022481548245
0.04405723861525768 -0.053521970740803115 0.15511569298523864
-0.13155108261767773 0.021635548407357486 -0.12121994561180904
-0.005240869074374432 0.01808968872588601 0.010836543510552743
-0.026848942279267304 0.11759675098070876 0.33171610980844224
-0.5429635288234139 0.039389900784567056 -0.1541583621532463
-0.3441364480587311 0.0045587956276536 -0.4924673147225971
-0.4839029084469849 -0.056899838497877164 -0.9674113517780778
-0.13712232675758795 0.009167629201698224 -1.1028353314224622
0.4266302635939297 -0.0563377716386414 -1.17640889013797
0.24208546087514377 -0.14038271731091312 -1.105580237110376
0.694449618700115 -0.2572280488487305 -0.7063391896883008
0.5817315699600921 -0.1296105640789844 -0.0017901017506405936
0.4337446309680737 -0.09392282626318754 0.015364793599487558
0.39582382977445896 -0.09974763601055003 0.17908870987959008
0.39751843881956717 -0.21417310880844004 0.4327240929036721
0.08090537605565373 -0.24438536204675204 0.5887573993229377
-0.195822574155477 -0.26738328963740166 0.4948340206164923
-0.5543143093243816 -0.27093788170992134 0.7040704130187676
-0.7364201974595054 -0.16245343036793708 1.1015375327312982
-0.6223392829676043 -0.012384619294349669 0.5214644011850387
-0.39318392637408345 0.10142044148544924 0.26170277094803096
-0.3641565160992668 0.03699571626743042 0.3105340917584247
-0.7905439628794135 -0.023919051986055664 0.040224148406739824
0.06326793085461124 -0.13905711658884456 -0.38071130627460814
0.14319249352554686 -0.27023006827107565 -0.7264440450196865
-0.49794600517956256 -0.3489965546168605 -0.31982711101574923
-0.2514817564599342 -0.5588847436934885 -0.33593981381259935
-0.4695448278516632 -0.5717171699547908 -1.1035174760500794
-0.6822764872813306 -0.3851081109638327 -0.5695327308400637
-0.5133993148250646 -0.1682427387710661 -0.6470324823557668
-0.0032975768600516098 -0.07873481601685284 -0.4008290632008976
0.0805650635119588 -0.03251910281348225 -0.12574137556071813
0.22734267580956713 -0.09398403225078589 -0.012702475448574502
0.32953039064765366 -0.09667160080062875 0.0578067696411404
0.3187024375181229 0.0062564693594969745 0.4989797907129123
0.33582132501449835 0.03273955048759758 0.21051195757032987
0.11045393501159873 0.06212914039007811 0.1594251910562639
0.057113148009279024 0.004000187312062531 -0.008787972154988888
-0.09688765427629265 -0.024924850150349953 -0.031249127723991105
-0.11696320073731825 -0.04337738012027992 -0.03984305217919287
-0.1439611855898546 -0.03079565409622398 -0.08226506674335432
-0.13079394847188364 -0.0004177732769791165 -0.10096830339468343
-0.08354140877750682 -0.04408421862158329 0.011412857284253286
-0.013708127022005412 -0.017689249897266612 0.14311466082740265
0.09020537338239576 -0.01727639991781338 0.12230422866192214
0.12411742370591661 0.014303880065749341 0.05331213292953774
0.08562206396473326 0.004411854052599473 0.025462206343630195
0.0653726511717867 0.012513858242079623 0.06958852103536864
0.037454370937429426 0.0232923365936637 -0.03261045105309851
-0.023161503250056392 0.0014463692749309143 -0.003432098921549831
-0.05641987528376091 0.015610220419944754 -0.019151917216310904
-0.05060460254329291 -0.01641807366404413 0.042490954306022344
-0.04712430703463433 0.006787416068764651 -0.014444736555182136
-0.032621320627707395 0.013633057855011677 -0.008040176165074658
0.019215443497834106 -0.008624803715990614 0.00020849598886923948
0.03920047979826724 0.004428282027207464 0.02829179679109539
0.029797883838613815 0.0004176256217659491 0.011305312432876302
0.012959641525370325 0.0030263243183442645 -0.011774180034367365
-0.03338233446341954 0.014921059454675367 -0.005122469027493887
-0.02358086757073563 0.006468097563740338 0.02324577477800488
-0.007415728858770176 0.008615908374199344 0.021675792306724256
-0.01568361415332875 -0.004329568640512482 0.005747507076303504
0.014015656361052842 -0.0019011549124099414 -0.020401994338957202
0.008087525088842251 -0.007770923929927953 0.015709654528834216
0.006470020071073779 0.0027676358560576597 -0.026885401376932627
-0.009277061259425179 0.004167233684846172 0.00856980389845391
-0.010156024007540121 0.00020878694787695995 0.03498084311876312
0.017718856488201706 0.0002898736466412366 -0.022768510403991638
-0.014731117125722837 0.0017943989173130337 0.03022269167680669
0.006574433615705977 -0.009111355866149529 0.008553153341445352
0.013504512514051825 -0.0046593927543356894 -0.03429159494054601
-0.011903939307290945 0.009283613637225185 0.02055336970130739
0.009233277557088915 -0.003746789817740681 0.014835825287069393
0.00856554763653683 -0.00747607048335408 0.005744928183724407
-0.014241264207054627 -0.0012933563866832642 -0.009857182453020474
-0.011002386365643657 0.005996564890653366 0.013208004037583626
0.007882372663212234 -0.0009922587759854107 0.019668748067242836
-0.0025334064955441216 0.0014743293833693327 -0.025693251236964587
0.032519244842851736 -0.003275179194643707 -0.02527180579165736
0.008437270874281366 -0.006135768355714943 -0.022170569633325893
-0.015906385616859087 -0.007642989684571888 0.006482294293339269
-0.027568953860918954 -0.008848766747657555 0.054013954474206954
0.006069884594980701 -0.0031727633981259995 0.024851794539830052
0.013806601140787689 -0.00023369357480051978 -0.03565735149450877
0.010476849730104099 0.0018816861121276895 -0.012039454956485618
0.005256479784083279 -0.007479026110297826 -0.012756563965188511
0.015786022061813343 -0.0063490767105907064 -0.02621107593772065
-0.005730557350549281 0.01328011363152748 -0.05925011075017653
-0.028021993564155245 -0.008125909094778061 -0.18450948744199913
-0.10015196985132424 0.0032648977241775956 -0.0960450661117414
-0.037543403197343506 0.005346293179342099 -0.057695427889393136
0.07894965244212515 -0.007051090456526299 0.1276717826884855
0.02253472195370021 0.043968502634778917 0.1724499261507884
0.03326215256296017 0.06681542710782318 0.04733494092063073
-0.2163590279496319 0.1347023416862585 -0.16486642226349543
-0.3168372223597056 0.0839337483490068 -0.22290876281079636
-0.39057915288776446 0.12066262367920544 -0.027155135248637108
-0.3503539473102115 0.016061348943364362 0.26186964180109035
-0.11856440784816913 0.07456782915469151 0.3028550884408723
0.13249222372146474 0.1401230133237532 0.23486219575269787
0.1950562789771717 0.21131716065900258 0.2246085066021583
0.2556543981817374 0.3006943535272021 0.18788993028172665
0.2662422685453899 0.3464148578217617 0.33664009306723924
0.13486881483631186 0.3716631362574094 0.4657964256119335
0.23641067686904949 0.3176430090059275 0.5409965154895469
0.3172535653370976 0.3654425083628841 0.3765472123916375
0.22684970342782018 0.3927446555321652 0.14186276991331004
0.25882351274225623 0.3325550994257322 0.12364646593064804
0.41955881019380503 0.21135657954058573 0.07196404774451848
0.401272048155044 0.08392901363246857 0.11030561319561483
0.47765826352403523 0.01636196090597486 -0.002771134443508183
0.44540784889829926 0.0927770925666378 0.18411121744519343
0.6235137910395684 0.12304977521145233 0.04807022395615479
0.4816235328316547 0.1222679451691619 -0.34474694583507626
0.3989707012653238 0.11539248113532952 -0.281266306668061
0.501989061012259 0.13645460990826364 -0.3750130453344488
0.39338812380980726 0.0615074379266109 -0.24805731126755903
0.43033549904784585 0.010143450341288718 -0.12227397401404722
0.3493465242382767 -0.02469773972696898 -0.0732098042112378
0.34900846939062147 -0.02483631678157522 -0.08747409336899023
0.24795682319621304 0.0000528215747398475 -0.04576052469519218
0.14914666087325468 0.0234797572597919 -0.03153029475615374
0.07712978101488788 0.0805025558078335 -0.018192985804923012
-0.29181175250437386 0.13510516964626684 -0.18096063864393844
-0.14634002700349902 0.22370918340072932 -0.05101851091515075
-0.30847827160279917 0.2078735490368676 -0.15370543373212062
-0.09756386728223931 0.1909082142294941 -0.09874559698569649
-0.0870354688257915 0.12186719638359533 -0.005168355568789432
-0.00048775006063317417 0.07444692979059209 0.0318028185252007
0.055078549951493416 0.03963562114875785 0.030520379820160565
0.015156589961194733 0.009833496919006257 0.037697553856128455
0.058609646968955764 -0.015570702464794972 0.03953304308490277
0.02227834257516459 -0.016362811971835978 0.043735809467922215
0.06430704906013163 -0.03379337457746878 0.04866052257433777
0.07527376424810528 -0.05789407466197494 0.05338154305947021
0.08717213639848431 -0.0763933847295799 0.04465835944757618
0.1009877091187874 -0.07634908278366392 0.03611731255806094
0.11555579229502988 -0.04428239122693112 0.013659475046448766
0.062366508836023904 -0.03972278798154483 0.05233381811623006
0.017080707068819145 -0.032950105385235906 0.016085816413913018
-0.009537097475955658 0.010005682553449136 0.031544922504904316
-0.024035927980764593 0.016988921042759397 0.002970313003923475
-0.030947492384611697 0.028434886834207473 -0.04371749959686122
-0.009132993907689402 0.02587290946736598 -0.019348999677488987
-0.015509520126151477 0.01522957757389276 -0.006885449741991179
-0.039751366100921226 0.021168037059114297 0.001522890206407057
0.02718328211926302 0.023575054647291482 0.0008276871651256568
-0.025518999304589562 0.019250668717833208 0.002224649732100542
-0.056352699443671606 0.013838034974266611 -0.041189024253855094
-0.006410284554937196 0.029039177979413355 -0.037638725363548564
0.006199897356050199 0.015418842383530751 -0.04378285529083886
-0.011055707115159796 -0.011102426093175355 0.033333090767328905
-0.020172690692127904 -0.011225690874540284 0.04385397261386312
-0.05012252755370228 -0.027339927699632227 0.08352067809109048
0.002089477957038177 -0.060153192159705826 0.11759779247287239
0.04971845736563052 -0.11101317872776473 0.09329698397829791
0.0827435158925044 -0.0770917929822118 0.12580946218263833
0.07869481271400347 -0.04214218438576944 0.06900694474611069
0.0328777251712028 -0.027463747508615466 0.09075243079688855
-0.02018219486303774 -0.03408037300689237 0.05385194463751086
-0.025911380890430213 -0.012029923405513898 0.11964407955186657
-0.01799472971234417 -0.002983313724411074 0.07735586479963535
-0.05931765876987527 -0.012542900979528815 0.052119066839708295
-0.06542287701590022 0.004809429216376948 0.05146087847176661
-0.033588301612720195 -0.012949331626898486 0.08569995277741327
-0.026870641290176134 -0.003328215301518833 0.09082558722193057
-0.044543388032140974 0.006712427758785 0.06797296977754441
-0.07196283542571269 0.037791817207027956 0.04500337582203551
-0.11069529218242802 0.03335845376562241 0.06256520065762838
-0.10574370990408444 0.010280513012497883 0.09184903552610268
-0.07951684292326755 0.026193160409998306 0.11761985342088221
-0.1022853493386141 0.036188903327998734 0.08120525773670573
-0.11893765447089127 0.05199799766239899 0.041136081189364626
-0.08147824857671299 0.040426523129919234 -0.05654426004850832
-0.011276348861370411 0.007341218503935432 -0.005001033038806613
0.005432045910903682 0.03321672480314841 0.020217923568954688
-0.05346686327127703 0.05430775484251871 -0.045935036144836294
-0.09707036561702165 0.036414953874015055 -0.05159177891586897
-0.030000042493617318 -0.011102411900787978 0.02903907686730489
0.053734317163248224 -0.04091317952063034 0.013465636493843913
0.10353435257245647 -0.06280866861650425 -0.00914936580492487
0.09493685705796517 -0.05220005989320342 0.015727382356060082
0.06969948564637218 -0.04761942291456278 0.07586315588484804
-0.006740411482902275 -0.006454913331650269 0.01615927470787848
-0.10265795418632179 0.046007944334679696 -0.025744455233697172
-0.22040762526998642 0.05907198046774376 0.07979506081304222
-0.2200760882950602 0.053507584374195005 0.14899229865043373
-0.19598274563604817 0.015852942499355982 0.09028758892034694
-0.11381744650883852 0.009557353999484874 0.040589446136277574
-0.015272707207070801 0.011552133199587922 0.04770593190902206
-0.013780665765656619 0.017054206559670382 -0.009491504472782353
-0.017274532612525317 -0.0008097597522637168 -0.01423382857822586
0.014695998909979746 -0.005335307801810907 -0.022715187862580755
0.08089742412798384 -0.023408871241448748 -0.01621902529006458
0.031124189302387084 -0.030445846993158998 -0.00789709523205162
0.04833685144190969 0.013924572405472846 0.0468073238143587
0.16913823115352777 0.0193427829243783 0.037836484051486985
-0.0017987900771778143 0.0021929763395026614 -0.14902768775881048
-0.011204657061742285 0.03027000607160213 -0.10672215020704834
0.07150504819246406 0.08632537985728161 -0.21428397016563872
-0.006467860287886706 0.08038847656954118 -0.20619280113251098
-0.046971163230309365 0.11509198357191708 -0.07589174090600881
-0.051639430584247525 0.07097983685753362 -0.13805714272480707
-0.012014669467398043 0.0681119944860269 -0.024117613021703566
-0.0010179855739184118 0.028708345588821516 -0.10835656657550496
0.01793561154086526 0.02531042647105719 -0.10777900326040402
0.1030203403908343 0.04563896617684571 -0.1440357026083232
0.04960381999638325 0.004089345625192364 -0.09296292516572963
-0.07672321784475133 -0.006494148499846197 -0.02827660205351268
-0.07856607427580103 0.08582030620012304 0.16956621835718988
-0.14488410942064078 0.04443739959266679 0.12198109968575188
-0.015907287536512604 -0.013668782642150767 -0.01257137025139854
0.11500854497078994 -0.039060026113720614 -0.1405258462011188
0.11895993713477404 -0.017576098207260693 -0.04992067696089503
-0.03451952645032286 -0.03398280124952435 0.012016583431283978
0.00246250383974167 -0.001404943315903684 0.056097617903169306
-0.1683424969282067 0.023875997663561188 0.1065968681643934
-0.17178337254256537 0.03355392313084904 0.12746499453151472
-0.13586420399451676 0.06356193618839501 0.05548762062521173
-0.13642573223514895 0.03678695358328432 -0.07279740349983066
-0.06890621078811915 0.01771086055034321 -0.015269172799864561
-0.05668746863049534 -0.003800061559725454 -0.003230963239891693
0.029650025095603716 -0.011243174247780319 -0.02094414559191332
0.06317314507648297 0.030458537918059858 -0.030427191473530624
-0.13539898393881364 -0.048289324298120495 0.05925202066303342
-0.11769418864116704 0.008634117877787784 0.0669328426885688
-0.11993659942281751 0.06276666930223018 0.030890000308997134
-0.011183654538254012 0.020916412758068326 0.050102649089055595
0.01605307636939679 -0.02818869710982952 -0.052886630728755546
0.005029961095517427 -0.020597832687863527 -0.09113742958300441
-0.04206978112358606 -0.03718134346657509 0.04076190749173858
-0.056312074898868844 -0.0016201224569759587 0.09628142483524882
-0.06340903491909508 -0.015358597965580811 0.2039782648681991
-0.01986785293527607 0.04865066931125117 0.08740136189455927
-0.07253490734822086 -0.036079464550998974 0.007421089515647461
-0.009199800878576692 -0.063629244324515 0.05867124661251799
0.08443703429713866 -0.005590895459612 -0.011656752709985563
-0.005497247562289073 0.013496033632310445 -0.0831535271679884
0.024508445989704267 0.006499951905848289 -0.08371032173439069
0.043434887752227896 0.016137461524678653 -0.07868700738751255
-0.007048964798217677 -0.023027483096541235 0.044081644089989935
0.02951707816142586 -0.04459390916094885 0.03448406527199199
0.18259803752914072 -0.10833137732875908 0.048290377217593605
0.24998470386517052 -0.1268994768630073 0.02105417677407484
0.08280023925027852 -0.15386333149040587 -0.04292228358074013
-0.0513379335997772 -0.1371531651923248 0.1047246731354079
-0.3820859718798218 -0.12417565715385981 0.09237348850832627
-0.3072312775038575 -0.0411374007230878 -0.10422623303519696
-0.3871912481612281 -0.016503670578470242 0.21505653741370034
-0.3421748973708404 -0.041327936462776105 0.15329522993096023
-0.45225554289667236 0.004828275829779072 0.25310488626105243
-0.4356325593173379 0.04448762066382328 -0.10142229330744224
-0.2617872974538703 0.038715096531058535 0.06183091535404628
-0.07075796296309622 0.05831582722484674 -0.03686339271676298
-0.119106370370477 0.06384016177987739 -0.18183446417341032
-0.2800507689800975 0.021384629423901957 -0.03609257133872823
-0.017399942500362142 0.0069514535391216326 -0.04332718207098263
0.00951754599971033 -0.049907587168702694 -0.01630237065678608
-0.12558908820023174 -0.03914481973496209 -0.2079637715254289
0.048356854439814634 -0.0051439807879697375 -0.4120741422203431
0.02345110855185173 0.00643169036962421 -0.07340931377627452
0.08868273799962345 -0.03196402270430054 0.013928798978980417
0.002196214241556693 -0.033383718163440435 -0.04784133581681571
-0.031055528606754645 -0.01811322453075237 0.0031331813465474423
-0.10961004788540374 0.058165670375398104 0.010319068919095842
0.03262446169167699 0.02817316130031855 -0.11127601870658127
-0.07116605564665845 0.05535102904025491 -0.048395814965265016
-0.06474534451732683 0.02006207323220388 0.046048996869645864
0.09390684938613858 -0.0027003414142368065 0.015354798653858803
-0.04674952049108916 -0.0037227731313894674 -0.03107553607691299
-0.02568086639287137 0.0036624064948883595 -0.05220417886153039
-0.018591568114297186 0.0248049251959106 -0.10738835501015326
-0.04104512949143779 0.017500190156728435 -0.07223879708719366
-0.02424235359315019 0.00775015212538277 -0.08083791266975493
-0.010409507874520108 0.009325121700306305 -0.07482658013580396
-0.03275583503969293 -0.011063172111803965 -0.0032796362869145224
-0.009798418031754297 -0.014709912689443216 -0.013951834029531596
-0.05354185942540346 -0.011377305151554551 -0.04514584222362528
0.020264459967741844 -0.0022814752969949614 0.000794160976879843
0.011133442974193386 0.0016904447624040975 0.053760328781503885
0.05851612937935469 -0.013100769190076744 -0.0593354869747969
-0.0707652214965162 -0.009699365352061395 -0.047859014579837544
-0.049580927197212965 0.012162382718350906 -0.04180283666387005
0.039632133242229695 -0.00511384382531932 -0.005317257410167087
-0.031966168406216244 -0.0103410750602555 0.028558682150937376
-0.014244809724972995 -0.011007235048204334 -0.055668679279250094
-0.027411472779978352 0.015022336961436511 0.03671505657659993
0.06361769677601736 0.006549119569149164 0.03874704526127995
0.04034728242081387 -0.0045263293446806685 0.05365388620902395
-0.059909674063348906 -0.01807418847574449 -0.04262376603278084
-0.05534961425067919 -0.014849975780595548 -0.04894276282622467
-0.02904531640054331 -0.0005518556244764605 -0.02352921026097976
0.0345762468795654 -0.014113359499581146 0.0417235067912162
-0.01101087749634766 -0.022618812599664917 0.082206930432973
-0.00021495199707810553 -0.003251300079731956 0.0458436693463784
0.02912491340233747 0.02943020993621448 0.012846810477102732
0.03697180572186998 0.015731667948971628 -0.020972551618317792
0.025280569577496026 -0.01397716564082263 0.025409458705345778
-0.06180679433800318 -0.03461923251265808 0.0050931919642766554
-0.030695435470402543 -0.027695386010126444 -0.004128571428578698
0.018021776623677876 0.004015566191898801 0.03615026785713704
0.03629242129894239 0.009853077953519085 -0.010532910714290356
0.11184643703915387 -0.02883628763718471 0.1017298975867098
0.12463339963132314 -0.044162780109747724 0.2450558169112258
0.009472344705058533 -0.1267364740877982 -0.20395534647101937
-0.017812749235953218 -0.1607642031120965 0.7169138478231846
0.3349685506112374 -0.15283008864781933 0.3711873282585477
0.014459239330847917 -0.17695157091825553 -0.10461266123501978
-0.00015138237717959857 -0.07242063173460445 0.12295051985384209
-0.016136730901743612 -0.09660838038768355 0.32453229088307367
0.026543740278605066 -0.06830232931014685 0.230328957706459
-0.12681188277711597 -0.12065748844811752 0.08699758884888298
0.2352692437783072 -0.28207286575849405 0.15123869607910634
-0.03444085497735422 -0.36237704260679526 -0.16260284082043086
0.2204942029390456 -0.4649016340854362 0.07577715002737118
-0.038057774569692504 -0.5234837834264912 -0.3421127026618189
0.09299128034424603 -0.3883183244249087 0.2817785878705449
-0.11740385072460319 -0.5239358856980691 -0.25309275470356407
0.22717066942031744 -0.19805493471659735 -0.0016929537628512792
0.023142785536253985 -0.20961584661513583 0.27442688698971895
0.0739829784290032 -0.09738017729210868 -0.045692865408224925
0.09668638274320257 -0.043529141833686946 -0.04241366732658003
0.30859910619456205 0.27572356153305044 -0.607368433861264
0.2562542849556496 0.18190697422644037 -0.01480099708901128
0.4077378029645198 0.04005682938115229 1.685424827328791
0.025799617371615804 0.17618608850492185 -0.2567382631369671
0.06517094389729265 0.1386051208039375 0.03953126449042621
0.05057425437277606 0.11010284664315 0.032796886592340924
0.037725029243278904 0.08026977731452 0.03834688427387278
0.025883148394623127 0.065778321851616 0.025208757419098227
0.020315893715698502 0.053013282481292806 0.014307630935278537
0.016643339972558804 0.043191875798769735 0.020039854748222785
0.013314671978047046 0.03338162582528031 0.016031883798578228
0.009479862582437638 0.025924050660224247 0.009309882038862516
0.007583890065950113 0.0215204905281794 0.004322905631090057
0.00841086205276009 0.01721639242254352 0.0018958245048720235
0.006338064642208072 0.015335614124299332 0.006204159603897641
-0.0008205664811229904 0.009026951153310033 0.06155805243291135
0.00012479681510160767 -0.009575314077351975 -0.03473793305367101
-0.006931412547918715 -0.00297275126188158 -0.02310284644293681
-0.022023974549948137 -0.013822880364392599 -0.0036950143616315545
0.008170281288033196 0.005059606715800349 -0.00955230919144423
0.01747372503042656 0.01264143537264028 -0.0010012223531553621
-0.010069077784421607 -0.01601196012646108 0.0024092491551845896
-0.01664515594245187 -0.04525519613625025 0.01791336493474338
-0.03558174975396149 0.0141864680909998 0.003783816947794838
0.019962055157464645 0.03384496308812376 0.0003903928465887052
0.03628214412597172 0.009497847333144155 -0.005547060722729036
-0.0184200527593781 -0.009858878004810966 -0.009878243862546654
-0.022157917207502483 -0.023121477403848775 -0.0036057200900373454
0.02277205798719841 0.011842879536042593 -0.00340141085762391
0.01001452138975873 0.020021178628834076 -0.0027211286860990835
-0.017653206310554413 -0.018905194187430075 0.007555352640896462
-0.01138819004844353 -0.01238978184006018 -0.00020571788728285245
0.010680308368996142 0.012851789994890516 -0.00145978444786099
-0.013242727643842472 0.0006470202987067068 -0.017653012046631056
-0.0035629321150739794 -0.024873008761034637 0.011658840362695155
-0.0071472206920591835 0.010960967991172292 -0.005516677709843876
0.014332028757082123 0.001780644700614782 -0.008296298734300045
-0.008115126276373955 0.00950543996750548 0.004189795048038292
-0.02340465581124801 -0.005759682448803832 0.004090026235390232
-0.022629974648998408 -0.010076495959043065 -0.03266543132797206
0.2924428952808013 0.05287630323276555 0.03871135725390651
-0.12503005877535897 -0.04402708241378756 -0.019812164196874815
0.03864782797971282 -0.053971665931030054 0.17282214364250015
0.2930276612256282 0.26932266725517595 0.16599208991400016
-0.26245290678228433 -0.21149497927493027 0.007403046931200086
-0.14589981350489853 0.3011165046591268 0.056703687544960024
0.05632702419608118 -0.12473179627269854 -0.14643392496403185
-0.11743838660359954 0.009980187981841165 -0.13394401497122543
-0.06582570332241516 0.5048591503854729 0.2576885380230196
0.2703863123420679 0.5097466953083785 -0.009474169581584313
0.20654342487365432 0.6105317312467028 -0.19937625834898332
-0.007421510101076542 0.2798316349973622 -0.45950098283732876
0.10070341691913878 0.23792776031417395 -0.6500226374280051
0.08720334661438209 -0.033485869064944995 -0.45322123494240407
0.047887689212434636 -0.08460119525195597 -0.49148323795392335
0.32659140136994774 -0.3231497062015648 -0.3068584653631387
0.9706481210959583 -0.42922288996125185 -0.33415864729051103
0.7476122468767666 -0.5949408119690015 -0.5505300428324089
0.47230854750141327 -0.6564213995752013 -0.39745528426592713
0.022378088001130614 -0.4333402208183031 -0.34413610241274173
-0.10045690459909551 -0.2353440754965004 -0.3542151319301934
-0.20106864867927643 -0.27694713539720034 -0.19743460554415473
0.08719195605657892 -0.21960458331776028 -0.29622893443532383
0.201394237528979 0.09228508334579177 -0.09010814754825905
-0.10255653266053266 0.14882806667663342 -0.07403964303860724
-0.3601702261284261 0.19523432834130675 -0.1104035894308858
0.3415513190972592 0.2288437126730454 0.041364628455291375
0.39706918027780735 0.06315309513843632 -0.023548922235766878
0.21570221922224597 0.12395997611074908 -0.30047976278861355
0.0264680253777968 0.011667980888599255 -0.07085256023089082
-0.06632557969776254 0.14644375971087942 0.019099201815287348
-0.12415421375821012 0.14801438276870355 0.1922324864522299
0.03895787899343184 0.13325526813589178 0.1221453641617839
0.11788505319474551 0.10035419066685553 0.14381004132942715
0.04626111987208059 0.09356461445441339 0.07871990210307725
0.10107144358138032 0.10805481656353072 -0.016711572357073712
-0.05703342245117993 0.10245947825082458 0.003818242114341036
-0.03859548796094403 0.12103008260065967 0.00266396869147284
-0.16837643805247104 0.07924594108052774 -0.001775075046821728
-0.16009177544197684 0.2727717528644222 0.02982993996254263
0.023879656962702778 0.2350142772915378 0.1453483269700341
0.07496314825387806 0.19074579683323023 -0.021611963423972702
-0.06385760639689764 0.1807216374665842 -0.18838332073917816
0.02586708756619771 0.41606168497326745 0.025855843408657486
-0.26485325263075765 0.41800559797861403 0.21912217472692602
-0.5763357271046061 -0.023017396617108776 0.25498523978154086
-0.41380295668368494 -0.511382667293687 0.6567225668252327
0.8005982596530521 -0.2864498838349496 0.7394405534601862
0.5299317327224418 -0.2268161570679597 0.06381806776814902
0.2091016361779534 -0.11973417565436778 -0.1891799207854808
0.36142193394236277 -0.4680529774444232 0.7611560633716155
0.49304379715389035 -0.6291298700346096 0.1772842256972923
1.1831069127231122 -0.11619452102768772 0.036749255557833815
0.6019542801784898 0.11798189509877878 -1.185053720553733
-1.4117959508572082 0.7912605041580941 -1.8789023514429866
-0.23568676068576666 0.2822271533264753 -2.4843716904195263
0.8993412164513868 0.06171919881932231 1.155471206929516
0.4882229731611094 0.27164100789731577 0.5571894655436128
-0.3352028714711124 -0.24323406868214736 1.1535640724348903
-0.9216779221768898 -0.3090403799457179 0.7861325079479122
-0.5865610877415119 -0.6128573277984323 0.8082028813583298
0.034266754806790534 -0.39848896339688794 0.5098436027703798
-0.4014928461545676 -0.11371304571751034 0.323499834532588
-0.46455365192365405 0.46410768842599176 -0.7622938823739296
-0.6235960465389232 0.9478486507407935 -0.6754601058991437
0.9987794127688615 0.0907007717507769 -1.2876337097193151
-0.1736327197849108 -0.08095498375752058 -0.8883100927754521
-0.16468742582792872 -0.03663898700601648 0.5264613007796384
0.738562559337657 0.06326695923704473 1.2008565406237108
0.022881297470125572 -0.11383958145222217 0.5774821074989687
-0.2477105870238996 0.04486583483822226 0.40729818599917494
-0.22043409461911967 0.3241739178705778 0.43990104879934
-0.23455040069529576 0.04644850929646227 -0.244172910960528
0.4338440544437634 0.04458068243716984 -0.29299457876842244
-0.19042475644498924 -0.38425732905026416 -0.19806753801473798
-0.040230382472275616 -0.3617027382402113 -0.1592352804117904
-0.31226247866153634 -0.3553778155921691 -0.014888224329432306
-0.7400443579292291 0.4594477475262647 0.06269879553645416
-0.4678167363433833 0.3077925730210118 0.22515903642916335
-0.057065889074706666 0.4337341061005253 0.3668459791433307
-0.23862147318069432 -0.29363776280329557 0.43800803331466454
-0.6823034166236266 0.07290228975736357 -0.21873419834826835
-0.5610771082989012 -0.17956879319410918 -0.10545610867861466
0.5226226883608791 -0.035451909555287375 0.045322613057108274
-0.6475268493112968 -0.1978927776442299 1.3612580904456868
-0.9777871044490375 -0.1938610971153839 1.027287817723981
0.10917656644077002 -0.30977637769230715 -0.673091717678363
0.06507562815261601 -0.2071961021538457 -0.7107389976525742
0.16963862752209283 0.08932124327692345 -0.5599974481220593
0.05719527701767426 0.010519494621538755 -0.3687010834976475
0.07153747161413941 -0.12166252930276902 0.35582038320188203
0.042386224311079294 0.05384185155778479 -0.3446405684384944
0.04054960742909568 -0.14716089375377217 0.9340531702492045
0.0035334359432765416 -0.10366621500301774 -0.06135121380063635
-0.04795450124537877 -0.043479847002414196 0.19740340395949096
-0.06844172599630302 -0.07501825260193136 0.33253209816759277
-0.0047533811695714455 -0.0615771020815451 0.29454130353407426
0.0020566704368718733 -0.04613668166523609 0.22899241782725943
-0.019448412160386383 -0.03222184607724693 0.1777251842618075
-0.024933731218425226 -0.02890247611673949 0.14178952240944598
-0.006275109974740182 -0.023121980893391597 0.1142128679275567
0.003964287020207853 -0.01966945971471328 0.08941716934204536
-0.00737544538383372 -0.013001192771770625 0.0730962354736362
-0.014884731307066974 -0.013135329217416503 0.056914488378909
-0.002532785045653581 -0.010898888373933203 0.0451409657031272
0.004614396963477138 -0.005594110699146563 0.03884714756250174
-0.003339732429218291 -0.00525653855931725 0.02912459305000137
-0.009703035943374634 -0.007720855474924772 0.024471549440001183
-0.0030749272645835893 -0.004614184752468846 0.016452239552000925
0.004571306698217009 -0.0033007228019750756 0.015896166641600762
0.066504086451585 0.10996048984432234 0.00789823491915298
0.41492201916126803 -0.03468785812454213 -0.06165016206467755
-0.9993123846709856 -0.16759403649963373 -0.15088262965174204
0.033362592263211505 -0.644622104199707 0.10234077127860641
-1.1385443011894307 -0.6500727310434815 0.5017944920228852
-1.7623979409515447 -0.8751362621510694 1.1822949686183082
-0.8446839777612358 -0.49542150972085564 -1.0467421501053533
0.7074559427910114 0.7138190422233155 -0.1428624224005668
0.9601053792328093 1.0987896087786524 -1.1181962356041693
-0.6170719466137526 0.668875437022922 -1.2230726134833354
-0.3385794322910022 0.21947533769740862 0.25826061152961577
-0.5282854208328018 -0.10918534292114414 1.1585616619074086
1.1144810383337584 -0.32992637549505743 0.2764587045259268
0.7029129556670068 0.20754325076209618 -1.8303955363792586
-0.7564196354663946 0.048065850609676934 -0.7252539529452648
-0.9094326787405473 0.8978276804877416 -0.550125013514354
-0.5252022022575746 0.5194339717064775 0.6567749891885168
0.3903850178265087 -0.013749649951102172 0.3289356163508135
0.41972991310306496 -0.37154659496088177 0.23150786808065082
1.8256276566405942 -0.20309665096870544 0.23989379446452064
0.37690837531247534 0.29416330422503567 0.04074316057161653
-0.5773795497500198 1.159158673012597 1.116578998824725
1.1388776101999842 1.1449050634100777 0.019434931008632472
-0.9549135368400127 -0.028216478904506292 -1.3528113825093784
-0.4311183294720101 0.13680181687639492 -1.0955303560075027
-0.8816134135776081 -0.2011054214988841 0.9337319651939979
-0.16857198086208658 -0.38080621219910726 -0.6737175528448016
0.6960017903103308 -0.4456605947592859 0.14774470772415865
1.0427389322482647 -0.21707535080742868 -0.11813235882067308
-0.0411995030432461 0.15173034435405708 -0.2738027620565385
-0.289209578592739 0.4104467754832457 -0.08622970964523077
-0.6747270378741912 0.6951542953865967 -0.02132751771618463
-0.709703505299353 0.7256546863092774 -0.31276512725201877
-0.11776280423948249 0.6262269694148537 0.18299101127745604
0.3229772327665561 0.0814502301644513 -0.24852906597803517
0.3802568100551028 -0.32116794086843914 -0.3453076277824282
0.3729554480440823 -0.2221686800110354 -0.47507422722594256
0.1475831084352659 -0.006641241692544098 -0.3042781317807541
0.3083008617482127 -0.22523486835403528 -0.4578756304246033
0.24117193939857018 -0.4704222458413704 0.4024494956603174
0.34762505151885614 -0.5079784455149542 0.634850221528254
-0.1394780837849151 -0.4239608814119633 0.9215520522226033
-0.015488717027932086 -0.08174683012957062 0.1739603917780826
-0.42840659862234565 0.5588212858963435 0.1954182895806082
-0.4466315288978766 0.17049452871707482 -0.33350909449365557
0.11847602688169867 -0.10071375202634014 -0.9457135255949245
0.05337459534721689 -0.008305376621072114 -0.6167270704759397
0.04465277743591556 -0.2820349262968578 -1.3308816563807517
-0.49396527805126755 0.7114814339625137 -0.22876782510460136
-0.8643128474410141 0.43559139717001105 0.991985739916319
-0.061762777952811265 -0.19488625726399111 -0.015395783066944835
0.24824602763775094 -0.35512775581119294 1.1251833735464443
1.0556280482683429 -0.6946490796489544 0.9349123238371554
0.8089555636146744 -0.6795473887191635 -0.0848826409302757
-1.0903355252664026 0.7567527140246693 -0.5956404877442206
-0.1484402475294062 1.0663396712197355 0.13911260980462353
0.2656227542927593 -0.058256388024211625 -0.12542866215630116
0.11327945343420742 -0.8149644854193694 -0.586280429725041
-0.14961081225263406 -0.13908096333549558 -0.5162899687800329
-0.9048448044346757 1.3770164793316035 0.5627492988178318
0.46596781108482777 0.20161318346528279 0.6400431652124074
0.07277424886786221 -0.6430063282277738 -0.28796546783007404
0.4422037740942898 -1.0819831875822192 0.9582995007359408
1.417434894275432 -0.30113342506577534 -0.12359477590136347
-0.23441145957965448 0.35089013494737975 -0.4168445692309747
-0.2105760426637236 0.8346182625904722 -0.07527253038477974
0.41864854086902115 0.2997259554398095 -0.1340461493078238
-0.47094058998849897 -0.3934223606481524 -0.554502544446259
-0.7755805493070833 0.42237148648147815 -0.9393051605570073
-0.3532769394456666 0.5015690641851824 0.8508996215543942
0.4076128234434667 -0.3081197486518541 0.054938447243515376
-0.014534741245226579 -0.6675895489214834 -0.22909614104704562
0.07470030816196083 -0.3715716391371868 0.6132074860042215
0.3597602703714266 -0.12850731130974946 0.6433003638033772
0.9479644662971414 0.11438165095220043 -0.29785970895729824
-1.049440926962287 1.2547865707617605 0.6480404055178772
-0.0645527415698296 0.16593863160940847 -0.11672397326941406
0.48702968174413636 -0.2699834697124732 -0.9054886012992471
0.3150143703953091 -0.24606490076997867 -0.699390833355682
-0.3147853786837528 -0.007008170615983023 -0.7493564166845456
-0.3713595052632864 0.7440028385072135 -0.5967507583476365
-0.7552907768943451 0.4506710208057707 1.071818143321891
0.3860017534845239 -0.4386819333553835 0.7394857646575128
0.056067027787619184 -0.8071955466843069 0.1326042367260102
0.45930674723009535 -0.9688033123474455 0.9568646393808082
1.2143203977840764 -0.07504264987795639 -0.0782582884953534
0.3624719432272611 0.7610596300976349 -0.7727628807962827
-0.1365849454181911 -0.10912104592189209 -0.41586655463702626
-0.4823148313345529 -0.6474530867375138 -0.466286993709621
-0.0038206150676423356 -0.42499371939001107 -0.007404594967696798
0.2926466329458861 -0.18179185051200886 0.21282632402584256
0.17200793135670892 -0.1380116054096071 -0.841067065779326
-0.24754990491463288 0.6731844656723144 0.22714634737653921
-0.0671805489317063 0.6565163225378515 0.8883577029012314
0.07672431085463496 0.3545099330302812 -0.35415758767901484
-0.006979926316292032 0.07657669642422493 0.6108145548567881
0.04715043394696637 0.03977698213937997 -0.16877023111456946
-0.5462640278424269 0.772837210711504 -0.2533755598916556
-0.5155268472739416 0.7350666435692033 0.4555026770866756
-0.07687460281915326 0.5857095648553627 0.0073708916693404625
-0.23181218225532263 0.029895776884290237 -0.5398064116645277
-0.02177787080425808 -0.2061615034925679 0.09042049566837787
0.2556245783565936 -0.5649292027940542 -0.0983667284652977
-0.11307846231472513 -0.7683496122352433 0.44904099222776184
0.21500598014821992 -0.6049140647881946 0.6389202937822095
0.18528603411857597 -0.2327593768305558 0.2880893600257676
-0.06309929770513922 0.2149643735355553 0.1652371130206141
0.7170986868358886 0.1997058738284443 -0.18265405958350872
-0.17163355053128906 -0.13515717593724463 -0.917216997666807
-0.32363496542503123 -0.4233601157497957 -0.37010172313344564
-0.11554859734002498 -0.47345371759983657 -0.7816282535067566
-0.6143138778720201 0.3720182759201307 -0.7311619778054053
-1.2160605726650477 1.2515208707361047 1.912336042755676
-0.8158172081320382 -0.17964267841111625 0.7943219592045407
1.3668775788618013 -1.0144172677288932 0.46202006736363266
1.364986438089441 -0.6599713141831145 0.35555355389090615
0.4626922754715528 -0.20727390250463362 -0.5311821568872751
-0.4083618046227578 0.2701183541544352 -0.5772894755098201
0.05299806822272274 0.07859463563983238 -0.3989409315659982
-0.7044765573427508 -0.2867336188044183 -0.4238402690946565
-0.37881557319048487 0.7303787299564655 -0.11250971527572523
0.11647874376389633 1.0925061089651724 0.6361641027794198
-0.2986138799888829 0.18337988717213793 0.698775032223536
0.12790577100889367 -0.13103046526228956 -0.4792612003793134
0.444512116807115 0.5537693777901684 -0.12325273414530863
0.19857844344569203 0.5027812225995665 -0.7841490623162469
-0.20129349524344642 0.6280061327122215 -0.36052237485299754
0.006543328805242832 -0.7737669688302229 0.396738350117602
-0.6299215869558058 -0.8822948250641784 1.2462969300940816
1.2179377304353554 -0.8101327350513428 0.5052406690752653
-0.16471229180985775 -0.1250593130410742 -1.2063543397397878
0.019402017710255848 0.33940567456714077 -0.27797407294997234
0.2721622391682047 0.056290164653712615 0.008480092798164252
0.6704641663345638 -0.10106161827702997 -0.7982940507614686
0.24144946998858002 0.5316507053783761 -1.077307115609175
-1.593949810930065 0.43078931430270107 -0.32747069248733995
0.358824526255948 0.5622095764421609 2.1903671960101283
-0.19887787899524162 -0.30765421384627123 0.6382312568081026
-0.6055866781961934 -0.8652639841560881 0.861366255446482
0.6155306574430452 -1.3332268242457994 -0.028094495642814354
0.5213307759544363 -0.7458783343966396 -0.1931787215142515
0.705345870763549 0.3579848324826883 0.0802226477885988
0.15294857161083925 0.6809191159861506 -0.466681256769121
0.6676713572886714 0.4709071677889205 -1.0585012554152968
-0.42250353916906286 0.25328823423113644 0.26765212066776256
-0.3090965813352503 0.04364621238490907 -0.53314392846579
-0.6214960627519162 0.9536669699079272 0.635203607227368
-0.5768843502015328 0.11644920092634181 -0.07386836421810558
0.006851942522489551 0.1646437357410735 -0.08448532829541341
0.35040342901799165 0.15437123859285884 -0.039072625715401765
-0.07006788178560669 -0.513612384125713 -0.10899247557232142
0.14003943861105017 -0.8136242942214993 1.0850716445421429
0.6616409318493046 -1.1602744234562707 0.4043854406337144
0.6515783704794438 -0.3852507887650165 -0.024929147493028492
-1.4088154286164452 0.6613306189879868 -1.3687714429944229
0.39638515710684397 0.8028927155578212 0.10420159411434557
-0.6403137493145249 -0.2639359229211746 -1.0764043482184076
-0.08568849945161988 -0.07560186333693975 0.18965777142527407
-0.0908164245612959 0.29850288433044825 0.1474293421402193
-0.005075014649036702 0.1255210574643586 0.6214590748703175
-0.18765376171922937 -0.11169252902851312 0.18466728373811198
0.40964261562461657 -0.17411964822281045 0.07976507773554764
0.2831828424996933 -0.0865613435782483 -0.13423481355661995
0.17107752399975462 0.031141550137401386 0.03636214915470404
0.11225264419980371 -0.1657117598900788 -0.2357540306762368
-0.02855727156108598 -0.20171003291206302 -0.16907197454098943
-0.41581455532793987 0.5827725986703496 -0.4126013296327916
-0.015073519262351898 -0.3900319210637203 0.7484345612937668
-0.20424631540988153 -0.24796303685097631 -1.0895336009649865
0.0022279476720947766 -0.02180792948078103 -0.18959563077198927
0.4779542331376758 0.12435053141537522 0.28465162038240865
0.40228526151014066 0.21627730013230018 -0.2214974536940731
0.19135945920811256 0.22458434010584016 -0.9115729629552585
-0.24456868263350995 0.026933097084672175 -0.34410212036420673
0.21801692889319205 -0.11907847464854648 -0.05692232129136543
0.18456979311455365 -0.417137827402553 0.7044621429669077
-0.5121097905083571 -0.41378838692204245 0.27919471437352616
-0.22765660624854359 0.18654741546236608 0.025699497656963
-0.621969011156977 0.41369105736989287 0.5127471219674283
-0.39249708392558164 -0.0901409041040857 -0.19527105242605736
0.5547523447804636 -0.10844084828326861 0.39456440805915416
-0.07768251109655805 0.19254419637338516 0.35705778240778785
-0.39339600887724646 0.21184785709870813 0.0020524818866947403
0.8266894428982028 0.6319782856789664 -0.2878111514115732
-0.13200782068143774 0.3544107535431731 0.3064698288707414
-0.36068438154515026 -0.8082682721654615 0.34517586309659315
-0.29870375523612025 -0.7290364927323693 0.9550469404772746
0.49033387081110386 -0.5140885691858954 -0.030493697618180354
0.8157045966488832 -0.04369273034871635 -0.5689262080945443
0.7412355523191065 0.33496769072102694 -0.5430315914756355
0.16447281685528523 0.6640679025768216 -1.0188002731805086
-0.06646862151577182 0.9023480720614572 -0.3033214685444068
0.33901260278738254 0.3550815826491658 0.017108450164474598
-0.30378991777009395 0.055159016119332716 -0.20467261486842037
-0.03873505921607516 -0.17384153710453387 0.05969940810526375
0.05299632762713988 -0.8898544796836272 -0.192474848515789
0.2072408121017119 -0.8950867087469019 0.03508262118736882
-0.05998860031863046 -0.7254443669975215 1.079628596949895
0.3102122447450957 -0.1584804935980172 0.9000310025599161
-0.3295645792039235 -0.12326876987841384 0.009477927047932891
-0.28279228836313886 0.540056859097269 -0.4189801583616537
0.36360991930948894 1.2437642372778153 -1.109012251689323
-0.6743464395524089 0.4266520148222521 -0.5157254263514585
-0.21799277664192712 0.11983723685780179 0.1456227600769754
0.18888702868645832 -0.030692710513758437 -0.21318922041284605
0.2917346229491667 0.00005520658899316189 -0.13500454901399261
-0.22325292664066668 -0.6093308347288056 1.073636985788806
-0.5239148413125334 -0.8112927927830444 0.5792220886310449
0.45821187694997334 -0.5236436092264356 0.02275265898390688
0.04547575155997866 -0.7071961373811485 0.39906150218712555
0.13911497624798294 -0.6888037610630608 -0.14871953632937063
0.12496385599838636 0.18411321730769337 0.1763368709365035
-1.0847945402012908 1.0234624488461548 0.36255387174920284
0.15911749283896726 0.7597855840769239 -0.711909979916922
-1.2539560057288264 0.4976722172615391 -0.4265592816172534
-0.36410230458306103 0.4180596488092314 0.3493775747061973
-0.23854746866644883 0.5141352190473851 -0.2462791902350422
-1.167791099933159 0.31990192523790806 -0.7298358521880338
-0.7244672549465274 0.18326529019032645 0.06769381824957293
0.5227699460427782 0.0852841071522612 0.38618630459965836
0.09165345683422255 -0.48489771427819095 -0.13987908132027332
0.6330883904673781 -0.6371369214225527 0.3759873569635491
0.2545175873739025 -0.6573657871380423 0.22618051355107155
-0.239745305100878 0.18777924528956624 -0.38975871415914276
-0.17343686908070244 0.14045777123165304 0.8838961536726858
1.262031754735438 -0.07669628301467757 -0.06436744014092238
0.7561097787883506 -0.619950776411742 -0.07532208903366688
0.024028448030680438 -0.5272106211293935 -1.301663825859502
-1.5464022415754557 -0.9112216219035149 -0.08429990605503324
-0.7097780432603646 0.8116477024771882 0.18099757515597342
-0.5385255596082916 0.6622087869817506 1.304954310124779
0.17972642731336663 -0.5487485954145996 0.9103696980998232
1.3332342668506934 0.30084487366832025 -0.24162612844107048
-0.4638813365194454 0.6559102739346562 0.013339734168072576
0.7460824307844437 0.3356657191477249 -0.7061251353492578
0.430069069627555 0.19118882531817993 -0.9402906855956904
-0.433288494297956 -0.397439588587314 -0.14285754847655235
0.15610357956163523 0.1902514779720067 -0.08108291378124188
0.2674610005702372 -0.0520956449386788 0.12849304397500655
0.8694375385352608 -0.015114063634658836 -0.4534555648199948
-0.45874689185550716 -0.25779437590772714 0.5962199231440042
0.016205659199310052 -0.6667823757261817 0.5453353135152034
0.3883551463989836 -0.45608215058094537 -0.05748174918783733
0.16029349807965138 -0.3293188514252208 -0.02762602435026984
0.9040160484637212 0.3318574248202879 -1.247882069480216
-1.106474661229023 0.8775953148562303 -0.10064940558417279
-0.09494535398321852 0.9798105315175527 0.3425273505326618
-0.35173753318657486 0.45689539558147385 -0.18769686957387055
0.38970372345074017 0.09090694146517908 0.18812375434090356
1.0008254787605921 -0.0471963218278566 -0.10379787152727715
0.4631603830084738 -0.22252263477856937 -0.32210074953810597
0.24318455640677905 -0.3909087805065714 0.3442724776857994
-0.3210773548745768 -0.3037426494052572 0.6867461071486396
-0.7045181815833773 -0.06799411952420575 0.7040843857189116
-0.27767699758298603 0.30732345438063535 0.5683456335751293
-0.6799540980663888 -0.07132873649549176 -0.11719849313989653
1.093927346546889 0.33278076080360663 -0.46446191951191723
-0.7131393727624888 -0.12635351635711467 -0.3825070356095338
-0.3607458732099911 -0.12959848576940758 -0.3880368784876271
0.19695017643200718 -0.0837568659318102 0.3844923722098984
0.5630288911456058 0.05369763225455193 -0.8224842272320814
-1.8097331370835155 0.8445207011710731 0.859590743214335
0.32994787725411656 -0.01930540943057313 0.920485094571468
-0.45869796011763575 -0.8545068275444586 0.9957630756571745
1.8439791319058916 -0.929308587035567 0.6028605082094555
-0.22911356947528683 -0.5895406196284536 -0.5251335161161514
-0.2985252305802295 0.5904768792972371 -1.0333880628929213
0.1932110655358164 0.6219908784377898 0.13735204968566306
-0.49230614757134694 -0.2988916722497682 -0.4366027352514696
-0.04736054305707754 0.06323041220018544 -0.8930321882011758
-1.615232184445662 0.7540998593927168 1.7219023744390594
0.11562675244347043 -0.08031376711839489 -0.15021247544875244
-0.2703892230452236 -0.460735388694716 0.17123626964099806
0.8446261215638211 -0.3529633109557728 0.11042651571279845
0.10187277225105684 -0.04565189876461828 -0.28783066242976124
0.08384196780084552 0.49707223098830544 0.131844845056191
0.005354824240676459 0.3589859097906444 -0.013664748955047185
0.01365885939254119 -0.02140497448376877 -0.18319742416403775
0.30780209943496195 0.02896972272926912 -0.5125735643312302
-1.5744614573729594 0.662238373550847 -1.1635744764649842
0.23261833410163257 0.07666560347324602 0.5937497938280126
0.406016542281306 -0.5312456660632612 -0.31992203993758994
0.1724694838250448 -0.570309009008751 0.3589061180499281
0.6844599620600358 -0.557809707207001 1.0406405194399424
0.7319429696480286 -0.6259352657656009 0.4383717905519541
0.3734450007184229 0.3922205373875194 0.12452555744156324
-1.2289783744252618 0.9657295549100156 0.2828235709532506
-0.6413858245402095 0.36672426892801235 -0.39717864323739954
0.26814134036783244 0.14884816514240984 -0.9173522895899197
0.452403697294266 0.04603165711392787 -0.70145990898822
0.2580167078354128 -0.26747154930885764 -0.3502304748742918
0.11578836626833028 -0.24639911444708618 -0.8266687548994336
-0.15971305698533578 -0.5885255415576689 1.1445243710804531
1.1202764294117316 -0.3610548082461351 -0.16523987813563745
-0.3932319814706149 -0.5142344715969082 0.33851122249149007
0.4256487898235081 -0.3848250772775265 0.06260585299319207
0.1440346568588065 -0.07739131182202119 0.014147182394553648
0.05038398144750969 0.07089945054238306 -0.11211975408435709
0.1938228041975433 0.09773518543390647 -0.21196145210934358
0.03630824335803465 0.23443814834712517 -0.19925663784561698
0.09740596968642773 0.35669114367770016 0.025360314723506416
-1.1486377242508579 0.7712904149421602 0.7062257517788052
-0.27164455440068636 1.5767979569537283 1.1118556014230443
-0.9009093935205491 0.5305789905629825 -0.18551551290110013
-0.2375243898164393 0.07407256745038593 -0.3507561662813446
-0.08103513685315145 0.022539303960308787 -0.3552143080250757
0.07696876551747889 -0.401499806831753 -0.10174955949913161
0.3350125124139831 -0.5950279704654025 0.2725065904797658
0.39613500993118644 -0.745553626372322 0.28519277238381263
0.009876757944949133 0.02269772390214242 0.39338859290705014
-0.2155360936440407 0.137689429121714 1.0904921243256402
0.9787430000847674 -0.0695359567026288 -0.05924692553948785
0.7669787750678141 -0.41422249152024515 -0.6395850404315904
0.2780361450542512 -0.228253017058054 -0.9233867823452723
0.143132041043401 -0.054868038646443296 -0.23558442587621786
-0.2604943671652792 0.03462124176656112 -0.1552644157009743
0.20840138126777663 0.05113444572953307 0.4015697174392206
0.4120336050142213 -0.9129986934163735 0.3622713989513765
-0.688341865988623 -2.096023954733099 2.0929421191611013
-0.5819234927908985 -0.7080691637864791 0.3333380703288811
0.02430494384635229 -0.27739285487104126 0.674482956263105
0.5729596158398688 -0.3031642600549751 0.0751332876941998
-0.23694483116996296 -0.3972189080439801 0.031200332471644
0.5436472362221717 0.46074049856481597 -0.8734772340226848
-0.019379062180404694 -0.09000135114814722 0.30473383778185203
-0.16511262474432375 0.07135829408148223 0.32191207022548174
-0.004746349795459001 0.10318038526518578 0.23682653118038544
0.07628104516363281 0.18254430821214862 0.10039872494430835
0.05555608613090625 0.1370510715697189 0.0779752299554467
0.04053861853219597 0.10964085725577513 0.0643333089643573
0.03516527019828582 0.08927518580462011 0.047951022171485835
0.033210341158628656 0.0745451486436961 0.0379701927371886
0.024224522926902928 0.05768299391495689 0.03193865418975084
0.014301493341522344 0.04341202013196551 0.026332173351800714
0.014566194673217875 0.033557741105572414 0.02301886368144057
0.0139967057385743 0.03348681788445793 0.014508840945152368
0.012759864497727183 0.020930079307566348 0.0030133227561218723
0.006692266691314005 0.012447188446053081 0.022723158204897453
0.0022288133530512042 0.018160875756842464 0.010366026563918052
0.005298675682440963 0.016091200978003005 0.00048032125113439683
0.006582690545952771 0.011310460409873373 0.00546238200090754
0.0037228955711450804 0.0006977186228830767 0.026369162429068282
-0.005195471685455537 -0.005178460081354831 0.014376263954603674