0.00021426049804687498,0.0018480129394531249,0.0010647158203125,0.0046578369140625,0.040174194335937496,0.02314599609375,0.10125732421875,0.87335205078125,0.503173828125
0.0006660059204101562,0.006442835388183594,0.003533421142578125,0.00852349853515625,0.08669476318359375,0.046579345703125,0.07293701171875,0.87774658203125,0.442138671875
0.0012615588989257811,0.013272897644042967,0.007376863525390624,0.011452941894531249,0.13134735107421874,0.073912353515625,0.05633544921875,0.85870361328125,0.525634765625
0.0020249591674804685,0.02304288378626108,0.012989253662109373,0.013880004882812498,0.17763611167669296,0.10204345703125,0.04412841796875,0.8416138291358948,0.511474609375
0.002873017831955105,0.03437645420491695,0.019544135742187496,0.016628601264208554,0.2222268709540367,0.128527099609375,0.0538940466940403,0.87432861328125,0.519287109375
0.0038867904244624077,0.047672398582696916,0.027069733886718746,0.020275451850146054,0.2659188875555992,0.15051196289062502,0.07293701171875,0.87384033203125,0.439697265625
0.005213593412857502,0.06393434186840058,0.036061531818866725,0.025515442084521053,0.31272967857122425,0.17291919100284578,0.10076904296875,0.90020751953125,0.4309082329273224
0.006873879189718515,0.08331006231200695,0.04699883903145789,0.03074603290483355,0.35880963784456255,0.20254272615909577,0.09686279296875,0.8533325791358948,0.548583984375
0.00877816020545736,0.1043878011752367,0.058797900554895394,0.03662078876420855,0.40534113198518756,0.226905029296875,0.11297607421875,0.89483642578125,0.4685058295726776
0.01098840643134713,0.12838310510843992,0.07209052311348915,0.041702758979052304,0.4527415836453438,0.25080419921875,0.09588623046875,0.89434814453125,0.450927734375
0.013402253182519227,0.1557884162595868,0.08736992863106728,0.04388812274858355,0.4982783845663071,0.27780737304687503,0.03973388671875,0.8279418349266052,0.490966796875
0.015702094743873924,0.1836722643273473,0.10327023624825478,0.04422772233374416,0.5362278474569321,0.30577514648437504,0.006530761253088713,0.72979736328125,0.537841796875
0.017887083155483006,0.21248026924902202,0.11959964291203022,0.04369976823218166,0.5761600984334946,0.3265881332755089,-0.01055908203125,0.79864501953125,0.4162597358226776
0.02018448306530481,0.24524231775945426,0.13840726734477282,0.04334716810984537,0.6181518586874009,0.3548608383536339,-0.006652832496911287,0.79229736328125,0.533447265625
0.02243630552123114,0.27860530455690624,0.15776312452402713,0.044153381488751614,0.6541762117147446,0.37952661135792737,0.01580810546875,0.70635986328125,0.4836426079273224
0.025671147447795604,0.3168448622258306,0.18001100587329272,0.059904480121564116,0.7081399568319321,0.41199780276417736,0.29168701171875,0.99932861328125,0.601318359375
0.028890980218804437,0.35559266048890353,0.20360746583577993,0.061919860980939115,0.7451499665975571,0.45377807620167737,0.03875732421875,0.71173095703125,0.803466796875
0.03237449438615655,0.395353809578836,0.2285897710130811,0.06830419935984536,0.7796303743124008,0.4898491211235524,0.12518310546875,0.67608642578125,0.707275390625
0.03660137055330257,0.4385939199178815,0.2558719220539928,0.07975238051218911,0.8158511384725571,0.5147575668096543,0.21600341796875,0.68341064453125,0.4699706733226776
0.041064544124477534,0.48281330900126695,0.28421906943434483,0.08583026098413392,0.850372866988182,0.5451374496221544,0.1168823167681694,0.66387939453125,0.584228515625
0.04574870500034,0.5288185857799649,0.31422518947094685,0.09008001684350891,0.884716861128807,0.5770407699346544,0.08172607421875,0.66046142578125,0.613525390625
0.050721189138536335,0.5766559611914753,0.34593649310129887,0.0956246949653141,0.919949527144432,0.6098327621221543,0.1066284254193306,0.67755126953125,0.630615234375
0.05540420269596017,0.6283645044561028,0.3807049124512077,0.0867224732856266,0.9575656160116195,0.6438596175909043,-0.16485595703125,0.69659423828125,0.630126953125
0.059461243108288375,0.6778731868680119,0.4154998220416904,0.0811408082465641,0.990173648238182,0.6958981918096543,-0.11163330078125,0.65216064453125,1.040771484375
0.06303290144053846,0.7292661771412491,0.452531669959724,0.0714331666450016,1.0278598054647445,0.740636958360672,-0.19415283203125,0.75372314453125,0.8947753310203552
0.06663437420408101,0.7881109740712046,0.4960620212730766,0.06548132297350091,1.0699053987264633,0.791460932970047,-0.1082153394818306,0.76446533203125,0.924072265625
0.06969405436642793,0.8433245362438558,0.5375192231950164,0.06119360324693841,1.1042712434530257,0.829144038438797,-0.08575439453125,0.68731689453125,0.753662109375
0.0733136431583399,0.9043123875496982,0.5843640674373508,0.06829412814928217,1.150714175581932,0.8838649857044221,0.13397216796875,0.87628173828125,1.032470703125
0.077271163529573,0.9685719230018257,0.634975316530645,0.07328741428209466,1.1899913972616194,0.9372453535795212,0.09246826171875,0.72735595703125,0.9885253310203552
0.08099817889619199,1.0334555557407736,0.6864234616277815,0.07032104465318842,1.2242194856405257,0.9707197188138962,-0.05596923828125,0.64581298828125,0.631591796875
0.08437420518864132,1.097595909481585,0.7373773545431496,0.06619659396959467,1.2576539949178696,0.9990959395170211,-0.08087158203125,0.65557861328125,0.556396484375
0.08774859543292131,1.1671475174434782,0.7935005850817562,0.062488708227407166,1.287992740035057,1.0393190840482711,-0.06866455078125,0.56182861328125,0.744873046875
0.09110216219087316,1.2384157281885744,0.8519895060500504,0.06210308811021967,1.3197816804647446,1.0831281660795211,-0.00714111328125,0.58868408203125,0.811279296875
0.09441608551647653,1.309899814784944,0.9120568537839057,0.06252685520006342,1.348756350874901,1.1333461836576462,0.00799560546875,0.54669189453125,0.947509765625
0.09770957299056648,1.380204855781615,0.972192439903617,0.06457818576646966,1.3785302156209946,1.1791291396021844,0.04022216796875,0.58380126953125,0.8977050185203552
0.10123971457788859,1.4548341611279847,1.0369733973396422,0.06660644504381341,1.408100100874901,1.2222822157740594,0.03826904296875,0.55792236328125,0.814208984375
0.1047593978515684,1.5310087250803115,1.1040949595119955,0.06640911837131713,1.4372559236288072,1.2664445692896844,-0.0037231447640806437,0.55010986328125,0.833251953125
0.10832485767554118,1.6087312908026579,1.1735379242722395,0.06727282686741089,1.4664635041952134,1.3102446181178093,0.01629638671875,0.55108642578125,0.826416015625
0.11171814751716586,1.6849276348999145,1.2426076993567947,0.06653509493381714,1.4940459626913072,1.3543093153834342,-0.01446533203125,0.54083251953125,0.864013671875
0.115113183635646,1.7624925837945344,1.3138409527128343,0.06656933565647338,1.5208813508749008,1.3967304579615591,0.00067138671875,0.52618408203125,0.831787109375
0.11854933663645037,1.8414959885607365,1.387195773695827,0.06737554903537964,1.5490863679647446,1.438329823195934,0.01580810546875,0.55303955078125,0.815673828125
0.12227357990197626,1.9267109056046607,1.4672412413749698,0.0689674678801093,1.5780540193319321,1.4823234755396841,0.02947997860610485,0.53643798828125,0.814697265625
0.12588537846649855,2.008561535407484,1.545054017680228,0.07081957969651555,1.604914309859276,1.525740711867809,0.03631591796875,0.52667236328125,0.851318359375
0.1297435707680506,2.095104159662545,1.6282671096377377,0.0727960811613593,1.6328797029256823,1.570058338820934,0.03729248046875,0.52764892578125,0.836181640625
0.1335874591763229,2.1797559794067745,1.7106077047906523,0.07537036094651554,1.659839602828026,1.614521473586559,0.05047607421875,0.52862548828125,0.871826171875
0.13755501573645065,2.2657370333428983,1.7952362401291135,0.0777952266691718,1.6859030183553698,1.6593830458521839,0.04754638671875,0.51104736328125,0.879638671875
0.14170593136640264,2.3530562116076355,1.882108264969528,0.08139050254807804,1.7121407502889636,1.7033730360865589,0.07049560546875,0.51446533203125,0.862548828125
0.1460469982410902,2.443518254255474,1.972883963627279,0.08348205528245305,1.7396546663045886,1.7456865126490588,0.04022216796875,0.52911376953125,0.813720703125
0.15056944304546524,2.535408379911125,2.06597747087878,0.08697009239182804,1.7671178010702135,1.7902597548365589,0.06707763671875,0.52813720703125,0.857177734375
0.15508442105372852,2.625071185247839,2.1576565963159204,0.09029956016526554,1.793256106734276,1.8335825087428088,0.06658935546875,0.52276611328125,0.866455078125
0.16012059998819975,2.723447063107193,2.2591254433895944,0.09326257286057804,1.8217755159139635,1.8790527235865588,0.05487060546875,0.52813720703125,0.842041015625
0.16500269225427552,2.8158366506704695,2.3553784946079848,0.09764184532151554,1.847791751265526,1.9250610243678088,0.08758544921875,0.52032470703125,0.920166015625
0.17010863455659078,2.9114223144698745,2.455819146645665,0.1001165157316718,1.8742287019491197,1.9694245497584337,0.04852294921875,0.51837158203125,0.869873046875
0.1752874442295115,3.008403253476799,2.558295004982173,0.10154528770432805,1.9015870393514636,2.009330555617809,0.02801513671875,0.53643798828125,0.782470703125
0.18070164586982407,3.1087666750308878,2.6649620102805494,0.10411926231370305,1.9300657991170886,2.051288563430309,0.04949951171875,0.54766845703125,0.806884765625
0.18635489615477455,3.2125683882752067,2.7760894879802462,0.1066650997160468,1.9585228914022448,2.096744862258434,0.04803466796875,0.53692626953125,0.857666015625
0.19198579542730465,3.313859761120022,2.8852225147737856,0.11040978965745306,1.9861053498983385,2.139863270461559,0.07342529296875,0.54083251953125,0.845458984375
0.1979230667083489,3.4206494011221533,3.001007419231295,0.1120239864347968,2.0148988679647446,2.184620838820934,0.03045654296875,0.54327392578125,0.844482421875
0.20377519841244346,3.5248172187911875,3.1146043405560846,0.11474768047244285,2.0425062288045885,2.2273906142115587,0.0534057654440403,0.54132080078125,0.838623046875
0.209854799476698,3.6324741100718385,3.232844164052665,0.11691540508181786,2.0703248323202135,2.273842759549617,0.04168701171875,0.53497314453125,0.8933104872703552
0.21586622213538242,3.7394889722355016,3.350995213393211,0.1178710325232241,2.0983306306600573,2.316687241971492,0.01873779296875,0.54913330078125,0.840087890625
0.22203430000627758,3.850100224600137,3.4736698524806493,0.1186168821325991,2.1271394685506824,2.3591276747584335,0.01434326171875,0.55401611328125,0.8161621689796448
0.22813817768186023,3.962259708410085,3.598444448599338,0.1173822629919741,2.1569131501913072,2.3995114638209336,-0.02374267578125,0.57257080078125,0.776611328125
0.23425845489338407,4.07818582833165,3.7278480627736443,0.11547692851931785,2.1872852815389634,2.4415776259303086,-0.03594970703125,0.57305908203125,0.793701171875
0.24007332335284975,4.191203773991407,3.8545307299480434,0.11401702861697409,2.216038150191307,2.4839738661646837,-0.02862548828125,0.56378173828125,0.831298828125
0.2459713525174986,4.310218256705941,3.9885987581848497,0.11128356914431783,2.2455562776327134,2.529585438430309,-0.05157470703125,0.55694580078125,0.860595703125
0.2513504418633864,4.42394947024578,4.116995144364178,0.10758178691775533,2.274624270796776,2.5679277235865587,-0.07403564453125,0.58135986328125,0.766845703125
0.25671809615029717,4.543794007522524,4.252697319584429,0.10322412090213033,2.3047026399374007,2.6096572157740585,-0.08380126953125,0.57843017578125,0.802490234375
0.2618446283668954,4.665178854369581,4.39050605339843,0.09858715801150533,2.3343239778280256,2.6501679579615587,-0.08917236328125,0.56964111328125,0.779052734375
0.2669638375850636,4.792936137502373,4.535755848714292,0.09480017070681783,2.3658756135702133,2.689811024367809,-0.07012939453125,0.58428955078125,0.734130859375
0.2721792575570514,4.9296386386013635,4.691929850296616,0.09149859599978657,2.3982894929647447,2.739894764602184,-0.05792236328125,0.56866455078125,0.878662109375
0.2767699999787278,5.055863595555842,4.836612600873351,0.08828350810916158,2.4274030183553696,2.7823605880141256,-0.06182861328125,0.55987548828125,0.8166504502296448
0.2812767209158376,5.186098246849478,4.986397743043959,0.08503247051150532,2.457257571578026,2.8261347579360008,-0.06134033203125,0.56329345703125,0.825927734375
0.2856385685008966,5.317941249522508,5.13864967549777,0.08229901103884907,2.4876038240194323,2.8726779708266257,-0.05157470703125,0.57257080078125,0.878173828125
0.28975755310541984,5.446346561942518,5.287384501277506,0.08076440401026042,2.517751223921776,2.916369132936001,-0.03009033389389515,0.59112548828125,0.856689453125
0.29404681035341285,5.581510941080392,5.443879823868036,0.08092938203760416,2.550271304488182,2.952741935670376,0.00311279296875,0.61358642578125,0.686279296875
0.29802736282902986,5.713114835043371,5.596324526112616,0.07805004854151042,2.5804685090780257,2.989111808717251,-0.05645751953125,0.59210205078125,0.713134765625
0.30174803755806484,5.846389598452151,5.751116859615743,0.07295440645166666,2.6132306550741196,3.0351437941789627,-0.09991455078125,0.64239501953125,0.9025879502296448
0.3052901157905178,5.9814863636309505,5.908545118655979,0.06945251436182291,2.648956179976463,3.0868286086320875,-0.06866455078125,0.70050048828125,1.013427734375
0.30874277232992975,6.129417608619988,6.0805783642498845,0.06277557344385416,2.689658999800682,3.1278771926164626,-0.12139892578125,0.74005126953125,0.746337890625
0.31216324619226554,6.2685430313915615,6.241562528563558,0.06706811494776041,2.727949466109276,3.1565522414445875,0.08416748046875,0.75079345703125,0.562255859375
0.3159461518783318,6.409423144897998,6.403991340094029,0.07417462129541666,2.7623551667928696,3.1848786574602124,0.13934326171875,0.67462158203125,0.555419921875
0.32049028980288097,6.55474719657904,6.57105803418821,0.08738726777979167,2.7946933015584947,3.212821040272712,0.25408935546875,0.62188720703125,0.537353515625
0.32580672594434373,6.710292225442589,6.749505372799694,0.09666247529932291,2.8280914338827134,3.2444970656633374,0.16864013671875,0.60723876953125,0.575927734375
0.33177189926985673,6.853527394060553,6.913342164559424,0.11930346651026041,2.864703372359276,3.276735835194587,0.45281982421875,0.73223876953125,0.644775390625
0.33880136995807775,7.004564364931047,7.086392197359621,0.1351821286196354,2.904557132124901,3.3278852461576456,0.30535888671875,0.76641845703125,0.9836425185203552
0.3459031479585971,7.154570851240218,7.257842206485926,0.13925054902979167,2.9413036531209946,3.3617648848295207,0.07977294921875,0.72052001953125,0.664306640625
0.3533136716253338,7.309468247647823,7.434476671903312,0.14251007051416667,2.9787960847616195,3.3968166426420208,0.06268310546875,0.72100830078125,0.674072265625
0.36096048728397134,7.469482222183646,7.61615042344576,0.14427954072901042,3.0191315950155255,3.4278066328763956,0.03338623046875,0.76104736328125,0.584716796875
0.3685216122690674,7.628464960632265,7.795986684761583,0.14540624971338542,3.0573603547811503,3.4583896406888956,0.02166748046875,0.73516845703125,0.588134765625
0.37566909150278355,7.7833002940451514,7.9704070212882145,0.14294958467432292,3.096706668257713,3.488406730532646,-0.04913330078125,0.78692626953125,0.600341796875
0.38308408715409686,7.949538841029705,8.157494652957617,0.13990557832666667,3.136576358199119,3.5299553145170206,-0.05743408203125,0.75225830078125,0.783935546875
0.390243484844271,8.114612863413871,8.342947637906251,0.13768072481104165,3.174500430464744,3.5664035567045205,-0.04278564453125,0.72930908203125,0.700927734375
0.3974099792141327,8.28156123443085,8.530280087698635,0.13781719942041665,3.210545596480369,3.6025471113920204,0.00262451171875,0.69317626953125,0.695068359375
0.40459545307618183,8.450457891580642,8.71951444764727,0.13818218965479165,3.248012637495994,3.6391223067045204,0.00701904296875,0.72052001953125,0.703369140625
0.41195528460396,8.624663534817637,8.91424710934597,0.1388647458071354,3.2868989289999,3.674201164126395,0.01287841796875,0.73370361328125,0.661865234375
0.4191569418156186,8.797579416820945,9.107074128474293,0.1384934079165104,3.325305423140525,3.7082119063138954,-0.00714111328125,0.73858642578125,0.654052734375
0.42626403164446464,8.972479233394564,9.301874354633865,0.13667480440088542,3.36345801103115,3.7461581953763954,-0.03497314453125,0.73370361328125,0.729736328125
0.4333280462779982,9.149339218913497,9.498551405012188,0.1358464352602604,3.401153567671775,3.782250968813895,-0.01593017578125,0.72491455078125,0.694091796875
0.4405819133892725,9.331657216703714,9.700871257384716,0.13686541719385417,3.439962222456931,3.8173557051420204,0.01922607421875,0.73223876953125,0.662353515625
0.4477614648880404,9.512533710279287,9.901210968895851,0.13806829805322918,3.478394107222556,3.8526867598295205,0.02313232421875,0.73907470703125,0.679443359375
0.45480342434607934,9.691836362787189,10.099561747309266,0.13807763643213541,3.5157382844686498,3.8892309492826453,0.00018310546875,0.73223876953125,0.716552734375
0.46213302607649426,9.880202662091078,10.307594057689606,0.13829437227197916,3.554081118941306,3.9251379317045205,0.00408935546875,0.72344970703125,0.677490234375
0.4693472738643247,10.066952603908838,10.513481671544492,0.13873553438135416,3.591345034956931,3.9593771895170207,0.00848388671875,0.71661376953125,0.658447265625
0.47628817045614824,10.248305286564888,10.71316378785628,0.1388179318364709,3.627053653120994,3.9936423262357708,0.0016479491023346782,0.71417236328125,0.685302734375
0.48348475271633223,10.438853761097493,10.92281827866429,0.1383958126958459,3.6643937410116187,4.031817130923271,-0.00811767578125,0.71807861328125,0.734130859375
0.4907029550937037,10.631330717075409,11.13441692962855,0.13881158418022088,3.701479922652244,4.0692048262357705,0.00799560546875,0.71319580078125,0.718994140625
0.4976171365976366,10.8182133374756,11.339695408245026,0.13828363007865838,3.7376524080038065,4.105569572329521,-0.01055908203125,0.72344970703125,0.727294921875
0.5048657599952235,11.018367145385445,11.55919366564685,0.13676647919975213,3.7764869416952127,4.141476554751396,-0.02862548828125,0.73272705078125,0.677490234375
0.5124165382991597,11.232134464901627,11.793188899587928,0.13483532685600214,3.8172735627889627,4.178486320376396,-0.03448486328125,0.72833251953125,0.660888671875
0.519527663832977,11.436516423507275,12.016617580573737,0.1341721798833459,3.856263369917869,4.215635490298271,-0.01251220703125,0.73565673828125,0.700927734375
0.5267408007803686,11.642985415621222,12.241898583092748,0.13609692353568964,3.8956413606405254,4.250584953188896,0.03631591796875,0.74298095703125,0.659423828125
0.5339582890363387,11.847567786882342,12.46464474675232,0.13879785107634954,3.9342763704061503,4.283580070376396,0.0519409142434597,0.74298095703125,0.634521484375
0.5413703583469963,12.054186905213774,12.689061765880643,0.14253979443572454,3.973444583296775,4.315711906313896,0.07196044921875,0.75323486328125,0.617919921875
0.548642904159605,12.258784122724116,12.910979836042104,0.1425989375021308,4.011710147261619,4.351334709048271,0.00115966796875,0.75030517578125,0.698486328125
0.5559885674644034,12.469444320889533,13.139143229193865,0.1412627558615058,4.051157657027244,4.387757560610771,-0.02569580078125,0.75860595703125,0.700439453125
0.5633306063703499,12.678025225472629,13.364540044716655,0.14396154717542226,4.089821658492088,4.419545402407646,0.0529174767434597,0.75811767578125,0.623291015625
0.5708751956906594,12.89269705034703,13.596016698610603,0.14508825615979726,4.128304324507713,4.451474113345146,0.02166748046875,0.74005126953125,0.614013671875
0.5784337157353904,13.113599300456583,13.834076950885473,0.142613585749641,4.167966983199119,4.49170287311077,-0.04669189453125,0.74835205078125,0.759033203125
0.5859649844990592,13.33231487752825,14.069361246380984,0.144832091609016,4.206068789839744,4.524697990298271,0.04266357421875,0.73272705078125,0.634521484375
0.5938717171299155,13.553138498545229,14.306183045782744,0.152052550593391,4.246608096480369,4.554265373110771,0.13885498046875,0.77960205078125,0.568603515625
0.6020047183154593,13.77598170257002,14.544847341278254,0.156403868952766,4.285446231245993,4.589697990298271,0.08367919921875,0.74688720703125,0.681396484375
0.6100109164017695,13.992173722384273,14.776191982004105,0.1601239617262035,4.323840396285056,4.626892814517021,0.07440185546875,0.76788330078125,0.743896484375
0.6184990296485363,14.214728757704673,15.013981548503457,0.16643359307385974,4.36382422196865,4.6625405195951455,0.12371826171875,0.78399658203125,0.698974609375
0.6273521184805645,14.443713411192356,15.257824604741154,0.17025170830823474,4.403551028609275,4.689289543032645,0.07342529296875,0.76397705078125,0.514404296875
0.6365156374253104,14.68829064678198,15.51806262311381,0.16660943535901598,4.4468588289022435,4.73160033404827,-0.06622314453125,0.78741455078125,0.769287109375
0.6449738544311667,14.921257740455209,15.76566446939057,0.162658019343391,4.480136416792869,4.76157396686077,-0.07598876953125,0.63995361328125,0.576416015625
0.6531733681906289,15.151406677020727,16.01011703149539,0.16077477959729725,4.512724246382712,4.793187492251396,-0.03692626953125,0.63897705078125,0.619873046875
0.6615646455595786,15.392417096075594,16.266533606035885,0.158325988093391,4.5473663972616185,4.838048576235771,-0.04620361328125,0.65362548828125,0.846435546875
0.6695828811201224,15.63055513017851,16.520266221843894,0.154196837702766,4.579577578902244,4.879473380923271,-0.07940673828125,0.61944580078125,0.796630859375
0.6773851651432564,15.86568666464442,16.771221881604966,0.15298596123792224,4.6104222444295875,4.920699211001396,-0.02374267578125,0.60479736328125,0.808349609375
0.6854623890454092,16.111722831990303,17.034284107512647,0.152400450984016,4.642191836714744,4.963438224673271,-0.01104736328125,0.59942626953125,0.806396484375
0.6934193951137656,16.354708609257283,17.294497375664406,0.153019347468391,4.672803408980369,5.004101310610771,0.01190185546875,0.58868408203125,0.781982421875
0.7015601096775396,16.604012574027482,17.56197442652326,0.15359838799573475,4.703848391890525,5.046736808657646,0.01092529296875,0.58575439453125,0.804443359375
0.7094372843867087,16.84536761819798,17.82147449131363,0.154454406062141,4.732451846480369,5.088236564517021,0.01678466796875,0.56085205078125,0.813720703125
0.7175895570566275,17.09296373628527,18.088261773137265,0.156774474421516,4.761463809370993,5.130524650454521,0.04461669921875,0.55792236328125,0.813232421875
0.7258413482812338,17.341973413942874,18.35730348855465,0.15868829278089103,4.788647647261619,5.173879142642021,0.03680419921875,0.52276611328125,0.833740234375
0.7339385741995752,17.58276886393291,18.61805738221019,0.16194451836682852,4.815908999800681,5.215077873110771,0.06512451171875,0.54522705078125,0.823974609375
0.7422883922803264,17.829767878013076,18.886302863748604,0.16372192315198478,4.843117923140524,5.259715324282646,0.03485107421875,0.53350830078125,0.875244140625
0.7511939823317054,18.092869042005244,19.17287400786143,0.16491833428479727,4.872243777632712,5.306873039126396,0.02215576171875,0.53936767578125,0.873291015625
0.7595849733250543,18.342751289911096,19.445807392964298,0.16452923516370352,4.899651919722555,5.351635002017021,-0.00762939453125,0.53741455078125,0.877685546875
0.768249302268711,18.60394929703969,19.731784652807526,0.16347790459729727,4.928264285445212,5.395797355532646,-0.01983642578125,0.53985595703125,0.833251953125
0.7766036619131924,18.856664460472885,20.009184596992426,0.1638109734212048,4.955199283003806,5.439214591860771,0.006530761253088713,0.52813720703125,0.851318359375
0.7849876557732826,19.115764226509395,20.294356087800438,0.1612306511555798,4.982687808394431,5.484067130923271,-0.04962158203125,0.52862548828125,0.862548828125
0.7931448542239163,19.371285470081748,20.57625779053026,0.15994506765948605,5.010220462203025,5.527484367251396,-0.02520751953125,0.53985595703125,0.851318359375
0.8015936539304745,19.63830932041103,20.871577012043414,0.1594113152180798,5.038185855269431,5.572060783267021,-0.01007080078125,0.52764892578125,0.841064453125
0.8097673499390022,19.901679497580353,21.16363537980455,0.15718646170245482,5.064811099410056,5.6165070723295205,-0.04278564453125,0.51202392578125,0.854736328125
0.8176391895022174,20.16647907806999,21.458023438971935,0.1513815300618298,5.092299624800681,5.661308830142021,-0.11163330078125,0.52862548828125,0.861572265625
0.8248638841700713,20.417268644756025,21.737495034295378,0.14744274832354856,5.118154422163962,5.703501945376396,-0.08038330078125,0.52764892578125,0.861083984375
0.8324404690932148,20.69530009024233,22.047909630556642,0.14030712820636107,5.1487304719686495,5.748418449282646,-0.13214111328125,0.56622314453125,0.831787109375
0.8391893427861263,20.949088068732564,22.33142802055782,0.13773211618186904,5.179346499800681,5.786089591860771,-0.0525512658059597,0.62481689453125,0.768798828125
0.846546559554547,21.235780161194747,22.65187187755352,0.1337675776076503,5.212583499312399,5.826251945376396,-0.07208251953125,0.60430908203125,0.730224609375
0.8530633046448324,21.508460633041803,22.956965982619344,0.1253220209670253,5.243855227828024,5.867194328188896,-0.16241455078125,0.60137939453125,0.787353515625
0.8589243358074123,21.777364915981835,23.25828271049565,0.11492217965843154,5.272632998824117,5.908171134829521,-0.20391845703125,0.56427001953125,0.803466796875
0.8646700870006959,22.058509225966876,23.573571221803725,0.10841039987327529,5.304609622359274,5.9488398360013965,-0.12286376953125,0.60333251953125,0.767333984375
0.8699065479112937,22.33586150933737,23.885103272182047,0.10070117135765029,5.333697757124899,5.991000968813896,-0.14825439453125,0.55938720703125,0.810791015625
0.8746771716833496,22.604008341773692,24.186680298161804,0.09541247544111682,5.362936648726461,6.031540519595146,-0.1057739183306694,0.58477783203125,0.810791015625
0.8797407803789977,22.900673820161167,24.520844036749303,0.09206561264814807,5.39391778886318,6.075704337954521,-0.06085205078125,0.56329345703125,0.802978515625
0.88409369760794,23.177142392346802,24.83285065598303,0.08535131821455431,5.420952395796774,6.117776847720147,-0.13165283203125,0.53009033203125,0.824951171875
0.8881218440847843,23.460448117123548,25.15330738409573,0.07746435532392931,5.448187014937399,6.162629386782647,-0.15167236328125,0.52374267578125,0.862548828125
0.8918468138038161,23.745208331158103,25.476030428614678,0.07163403305830432,5.476157962203024,6.206212394595147,-0.11212158203125,0.53790283203125,0.838134765625
0.8952544026022929,24.036876120452227,25.807298918682516,0.06429412827314807,5.50316583573818,6.2503488692045215,-0.13848876953125,0.50958251953125,0.832763671875
0.8982496298896842,24.324442420668426,26.1345952590999,0.057600524757523065,5.530121158003805,6.294160392642022,-0.12872314453125,0.51837158203125,0.842529296875
0.9007977663567629,24.613398514829935,26.464320314199863,0.04900262436689806,5.55684796464443,6.34086644423008,-0.16534423828125,0.51397705078125,0.8981932997703552
0.9029930884924973,24.91500408153206,26.8092195133211,0.04065411362471056,5.585288272261618,6.38702220594883,-0.15460205078125,0.52667236328125,0.854736328125
0.9046916990806697,25.206823584384978,27.14360438287419,0.03266558823408556,5.611913516402243,6.43047826063633,-0.15362548828125,0.51202392578125,0.835693359375
0.9057980417246511,25.494378188186825,27.473647321285785,0.02169299301924181,5.638325564742087,6.4714301649332056,-0.21514892578125,0.51788330078125,0.802978515625
0.9063955371393388,25.794788991274896,27.818872227693262,0.01127349839033556,5.668128360152243,6.51367747938633,-0.19659423828125,0.56231689453125,0.797119140625
0.9065031268537775,26.07957556675321,28.14657087217039,0.0021517942887730596,5.695731509566306,6.55397288954258,-0.18243408203125,0.55206298828125,0.805908203125
0.9061494449614812,26.377242422633472,28.489569841332855,-0.006801574851851941,5.724362613081931,6.59613402235508,-0.17218017578125,0.55059814453125,0.810791015625
0.9052443675613724,26.676400736521543,28.83479815815157,-0.01740533461747694,5.753044497847556,6.63900609266758,-0.20391845703125,0.55157470703125,0.824462890625
0.9036604472660454,26.96546363646275,29.16882426844901,-0.03167840590653944,5.781257998824119,6.680522205948829,-0.28546142578125,0.56427001953125,0.830322265625
0.9009428918385929,27.267629361971917,29.5184552942521,-0.052260681297164435,5.810879336714744,6.723673573136329,-0.39581298828125,0.56964111328125,0.829833984375
0.8970982845727423,27.571611342363894,29.87027605833644,-0.0739347551125102,5.845807315230369,6.765783924698829,-0.4168091118335724,0.67169189453125,0.809814453125
0.891249069395041,27.88334511475128,30.23196443910915,-0.11036255052266644,5.881769290328025,6.824309071183205,-0.68731689453125,0.67852783203125,1.104248046875
0.8849508993850499,28.19072554460615,30.589284952378097,-0.12111865403829145,5.91116211259365,6.871548332095146,-0.20684814453125,0.56524658203125,0.9084473252296448
0.8787502066072509,28.505198926025002,30.95538282721156,-0.11699420335469769,5.933460026770829,6.907507072329521,0.07781982421875,0.4207153618335724,0.678466796875
0.8736102610828699,28.821040631967783,31.3232219254337,-0.09698010423360394,5.959277470618486,6.940360343813896,0.37762451171875,0.48712158203125,0.619873046875
0.8695611370579981,29.15632759610367,31.71347077656228,-0.07230578615842388,5.987267216712236,6.968729484438896,0.4406128227710724,0.49981689453125,0.506591796875
0.8677003063071802,29.46287410621959,32.070649562544055,-0.036486877467017634,6.010715884625911,7.003505607485771,0.70233154296875,0.4597778022289276,0.681884765625
0.8669457560604954,29.764744891905963,32.42309474052829,-0.01509100493369625,6.037415713727474,7.048903559684753,0.4279174506664276,0.53399658203125,0.9079590439796448
0.8657524045427636,30.07443064439249,32.78514092616523,-0.023399049367290002,6.072269656598568,7.098944816410541,-0.16290283203125,0.68341064453125,0.9812011122703552
0.863836383467852,30.39263735110593,33.156763623185995,-0.036846559132915,6.119359744489193,7.146590327322483,-0.25860595703125,0.90557861328125,0.9162598252296448
0.8616726387601279,30.71294946113968,33.52990930067551,-0.04161047514854,6.159848269879818,7.175878413259983,-0.09161376953125,0.77862548828125,0.563232421875
0.8595632758913728,31.022936045776248,33.89019186879945,-0.0421872573751025,6.199731692731381,7.205651362478733,-0.01153564453125,0.79766845703125,0.595458984375
0.857338346125055,31.347397129931093,34.26590832167959,-0.0427871108907275,6.239636233747006,7.225316401541233,-0.01153564453125,0.76739501953125,0.378173828125
0.8573932319700144,31.679516923378767,34.65015103651792,0.0010355819803662472,6.266411197125912,7.249862544119358,0.82684326171875,0.50518798828125,0.463134765625
0.8592655371920795,31.992620961018265,35.01545117055982,0.03744610444130375,6.2620807527899744,7.306002680838108,0.72821044921875,-0.08660888671875,1.122802734375
0.8611986251274728,32.31198406311417,35.3909015160228,0.03790368500771,6.262021609723568,7.361771479666233,0.00897216796875,-0.00115966796875,1.093505859375
0.8624109446852211,32.65663102587992,35.79852927595389,0.02204217377724125,6.266308413922787,7.411413816928864,-0.28839111328125,0.07794189453125,0.9025879502296448
0.8630461488285203,32.98944985063863,36.193816085769235,0.011984983835835,6.2796004671454435,7.4582416946291925,-0.18975830078125,0.25079345703125,0.8835448622703552
0.862814566292722,33.31028558703415,36.57683376790821,-0.004540834035258748,6.290896792069078,7.510150630176067,-0.32403564453125,0.2214965671300888,1.017822265625
0.8626484818565704,33.64437879261196,36.979277958582934,-0.003133668606635191,6.303645388260485,7.593286616504193,0.02655029110610485,0.24053955078125,1.568603515625
0.8622800574562128,33.972791045184316,37.3780350071724,-0.007085084622260191,6.315620241776109,7.668404780566693,-0.07598876953125,0.23028564453125,1.444580078125
0.8616474102374932,34.29549554061304,37.77096581431138,-0.012404847425874329,6.327539126053453,7.704525630176068,-0.1043090745806694,0.23370361328125,0.708251953125
0.8610279394714104,34.6183519621185,38.166773850698405,-0.012146485609468079,6.330518068734556,7.760941889941693,0.00506591796875,0.0584106408059597,1.106201171875
0.8610860204619056,34.94644650813801,38.581783996944125,0.0011169421249069209,6.309510500375182,7.9809643508791925,0.25506591796875,-0.40399169921875,4.231201171875
0.8605460138034475,35.2862013048946,39.01626936779004,-0.010000123304780579,6.291755495492369,8.046025386035442,-0.20587158203125,-0.32879638671875,1.204833984375
0.8600021932473065,35.60678317433707,39.42904049475324,-0.010663148159626878,6.285919008675963,8.093551509082317,-0.013000487349927425,-0.11444091796875,0.931884765625
0.8596139154696882,35.964481880402396,39.89410023814398,-0.006811890835408128,6.275415895882994,8.158942866504193,0.06756591796875,-0.18426513671875,1.147216796875
0.8592631752358129,36.28456190536003,40.312764778526365,-0.006877259487751878,6.276078920737841,8.20910863494873,-0.00128173828125,0.013000487349927425,0.9836425185203552
0.8589087959004424,36.617252551843215,40.75064899231005,-0.006686402554158128,6.277182009116747,8.261966297805309,0.00360107421875,0.02081298828125,0.9973143935203552
0.8585695199598137,36.9437143727626,41.182977220264675,-0.006524537319783128,6.2781119407573724,8.314004383742809,0.00311279296875,0.01788330078125,1.000732421875
0.8582187474970019,37.276483966084164,41.626422280316476,-0.006618348354939379,6.278671572105028,8.366887925505637,-0.00177001953125,0.01055908203125,0.9978026747703552
0.8578534019751081,37.60929419252341,42.07267291124577,-0.006893311733845628,6.279438234702685,8.419823225080966,-0.00518798828125,0.01446533203125,0.9987792372703552
0.8574933250114627,37.923315695323,42.49615979988987,-0.007201539272908128,6.280430055991747,8.469737772881984,-0.00616455078125,0.01983642578125,0.9982909560203552
0.857110097898959,38.24992000842988,42.93927894126231,-0.007369752163533128,6.280852175132372,8.521521949470044,-0.00323486328125,0.00811767578125,0.9958495497703552
0.8567131574673972,38.582845806829575,43.39371694596952,-0.007489442104939378,6.281618837730028,8.574301975607872,-0.00225830078125,0.01446533203125,0.9958495497703552
0.8563176000326278,38.90953570221185,43.84227606650871,-0.007606873745564379,6.282497988120653,8.626136933445931,-0.00225830078125,0.01690673828125,0.9968261122703552
0.8559094637392496,39.24254598553847,44.30226003694868,-0.007700684780720629,6.283212892955169,8.67894283849001,-0.00177001953125,0.013488770462572575,0.9963378310203552
0.8555002810603396,39.56930424835495,44.756269724706414,-0.007868897671345628,6.283812746470794,8.73095553380251,-0.00323486328125,0.01153564453125,1.000244140625
0.8550700280067075,39.90238695703558,45.22181456729341,-0.008117982144001877,6.28457940906845,8.78386495447159,-0.00469970703125,0.01446533203125,0.9982909560203552
0.8546293166394331,40.23551578516201,45.69016772392196,-0.00831530881649815,6.285449587291106,8.836852011859419,-0.0037231447640806437,0.01641845703125,0.9997557997703552
0.8542091261497801,40.54983175207539,46.13450605190498,-0.00840380979306065,6.286319338267669,8.886766559660437,-0.00177001953125,0.01739501953125,0.9982909560203552
0.8537784680685957,40.870474202694716,46.59033024126333,-0.0084442761016544,6.287106874888763,8.937729203104976,-0.00079345703125,0.01544189453125,0.9992675185203552
0.8533432061666105,41.19115046758164,47.048742095261574,-0.008534547097748152,6.287769899743609,8.988467725455763,-0.00177001953125,0.013000487349927425,0.9948729872703552
0.8528995303852308,41.51186816685578,47.509750504036425,-0.008699525125091902,6.288582338708453,9.0393805642128,-0.00323486328125,0.01593017578125,0.9982909560203552
0.8524601290801481,41.826338329933776,47.96431535744238,-0.008788026101654401,6.2894032615600155,9.09129706811905,-0.00177001953125,0.01641845703125,1.038330078125
0.8519891234025496,42.15342509348021,48.43975426185465,-0.0090578014922794,6.29013006820064,9.143055854082109,-0.00518798828125,0.01397705078125,0.9953612685203552
